0	0
0.1	0.0348207
0.2	0.094253
0.3	0.152867
0.4	0.21155
0.5	0.270563
0.6	0.330062
0.7	0.390252
0.8	0.451095
0.9	0.512597
1	0.574694
1.1	0.637288
1.2	0.700318
1.3	0.763766
1.4	0.827611
1.5	0.891826
1.6	0.956394
1.7	1.02123
1.8	1.08634
1.9	1.15182
2	1.21776
2.1	1.28417
2.2	1.35104
2.3	1.41832
2.4	1.48593
2.5	1.55386
2.6	1.62218
2.7	1.69089
2.8	1.76002
2.9	1.82946
3	1.89926
3.1	1.96948
3.2	2.04009
3.3	2.11106
3.4	2.18236
3.5	2.25395
3.6	2.32582
3.7	2.39799
3.8	2.47048
3.9	2.54329
4	2.61642
4.1	2.68988
4.2	2.76372
4.3	2.83797
4.4	2.91262
4.5	2.98758
4.6	3.06288
4.7	3.13848
4.8	3.21432
4.9	3.29038
5	3.36676
5.1	3.4435
5.2	3.52058
5.3	3.59804
5.4	3.67581
5.5	3.75387
5.6	3.83229
5.7	3.91098
5.8	3.98986
5.9	4.0691
6	4.14865
6.1	4.22841
6.2	4.30847
6.3	4.38883
6.4	4.46948
6.5	4.55048
6.6	4.63188
6.7	4.71364
6.8	4.79573
6.9	4.87821
7	4.96119
7.1	5.04463
7.2	5.12837
7.3	5.21242
7.4	5.29684
7.5	5.38157
7.6	5.46664
7.7	5.55206
7.8	5.63776
7.9	5.72374
8	5.81006
8.1	5.8967
8.2	5.98369
8.3	6.07096
8.4	6.15849
8.5	6.24631
8.6	6.33444
8.7	6.42296
8.8	6.51181
8.9	6.60093
9	6.69031
9.1	6.77997
9.2	6.87001
9.3	6.96048
9.4	7.05135
9.5	7.14256
9.6	7.23413
9.7	7.32613
9.8	7.41857
9.9	7.51138
10	7.60444
10.1	7.6978
10.2	7.79155
10.3	7.88563
10.4	7.97998
10.5	8.07468
10.6	8.1697
10.7	8.26502
10.8	8.36054
10.9	8.45638
11	8.55256
11.1	8.64897
11.2	8.74567
11.3	8.84278
11.4	8.94026
11.5	9.038
11.6	9.13609
11.7	9.23451
11.8	9.33324
11.9	9.43227
12	9.5315
12.1	9.63102
12.2	9.73078
12.3	9.83086
12.4	9.93128
12.5	10.0321
12.6	10.1334
12.7	10.2351
12.8	10.3371
12.9	10.4394
13	10.5421
13.1	10.6452
13.2	10.7485
13.3	10.8522
13.4	10.9563
13.5	11.0607
13.6	11.1656
13.7	11.2708
13.8	11.3764
13.9	11.4825
14	11.5891
14.1	11.6959
14.2	11.8032
14.3	11.9107
14.4	12.0185
14.5	12.1269
14.6	12.2356
14.7	12.3448
14.8	12.4543
14.9	12.5643
15	12.6746
15.1	12.7853
15.2	12.8963
15.3	13.0077
15.4	13.1195
15.5	13.2317
15.6	13.3443
15.7	13.4572
15.8	13.5705
15.9	13.684
16	13.7979
16.1	13.9121
16.2	14.0267
16.3	14.1416
16.4	14.257
16.5	14.3729
16.6	14.489
16.7	14.6055
16.8	14.7224
16.9	14.8395
17	14.957
17.1	15.0749
17.2	15.1931
17.3	15.3116
17.4	15.4304
17.5	15.5495
17.6	15.669
17.7	15.7889
17.8	15.9091
17.9	16.0296
18	16.1504
18.1	16.2714
18.2	16.3926
18.3	16.514
18.4	16.6358
18.5	16.7579
18.6	16.8804
18.7	17.0032
18.8	17.1264
18.9	17.2499
19	17.3738
19.1	17.4979
19.2	17.6224
19.3	17.7471
19.4	17.8722
19.5	17.9976
19.6	18.1233
19.7	18.2493
19.8	18.3757
19.9	18.5025
20	18.6297
20.1	18.7572
20.2	18.8848
20.3	19.0128
20.4	19.1411
20.5	19.2699
20.6	19.3993
20.7	19.5292
20.8	19.6596
20.9	19.7902
21	19.9211
21.1	20.0524
21.2	20.184
21.3	20.3159
21.4	20.4482
21.5	20.5808
21.6	20.7137
21.7	20.8469
21.8	20.9805
21.9	21.1144
22	21.2487
22.1	21.3832
22.2	21.5182
22.3	21.6534
22.4	21.789
22.5	21.925
22.6	22.0613
22.7	22.1981
22.8	22.3352
22.9	22.4728
23	22.6107
23.1	22.749
23.2	22.8875
23.3	23.0265
23.4	23.1658
23.5	23.3055
23.6	23.4457
23.7	23.5863
23.8	23.7272
23.9	23.8686
24	24.0103
24.1	24.1524
24.2	24.295
24.3	24.4378
24.4	24.581
24.5	24.7245
24.6	24.8683
24.7	25.0125
24.8	25.157
24.9	25.3017
25	25.4467
25.1	25.592
25.2	25.7376
25.3	25.8835
25.4	26.0297
25.5	26.1763
25.6	26.3233
25.7	26.4708
25.8	26.6185
25.9	26.7665
26	26.915
26.1	27.0637
26.2	27.2128
26.3	27.3622
26.4	27.5119
26.5	27.6619
26.6	27.8123
26.7	27.9629
26.8	28.1137
26.9	28.2647
27	28.4161
27.1	28.5677
27.2	28.7197
27.3	28.8721
27.4	29.0248
27.5	29.178
27.6	29.3315
27.7	29.4853
27.8	29.6395
27.9	29.794
28	29.9489
28.1	30.1042
28.2	30.2599
28.3	30.4159
28.4	30.5722
28.5	30.729
28.6	30.8863
28.7	31.0439
28.8	31.2018
28.9	31.36
29	31.5185
29.1	31.6776
29.2	31.837
29.3	31.9968
29.4	32.157
29.5	32.3175
29.6	32.4783
29.7	32.6393
29.8	32.8008
29.9	32.9625
30	33.1246
30.1	33.287
30.2	33.4498
30.3	33.613
30.4	33.7766
30.5	33.9406
30.6	34.105
30.7	34.2697
30.8	34.4349
30.9	34.6002
31	34.7659
31.1	34.9319
31.2	35.0982
31.3	35.2647
31.4	35.4315
31.5	35.5986
31.6	35.7661
31.7	35.934
31.8	36.1022
31.9	36.2707
32	36.4396
32.1	36.6088
32.2	36.7782
32.3	36.948
32.4	37.1182
32.5	37.2889
32.6	37.4601
32.7	37.6316
32.8	37.8034
32.9	37.9757
33	38.1483
33.1	38.3212
33.2	38.4945
33.3	38.6681
33.4	38.842
33.5	39.0161
33.6	39.1905
33.7	39.3653
33.8	39.5403
33.9	39.7158
34	39.8915
34.1	40.0677
34.2	40.2442
34.3	40.421
34.4	40.5981
34.5	40.7756
34.6	40.9535
34.7	41.1319
34.8	41.3106
34.9	41.4897
35	41.6693
35.1	41.8493
35.2	42.0297
35.3	42.2105
35.4	42.3916
35.5	42.5733
35.6	42.7553
35.7	42.9377
35.8	43.1206
35.9	43.3039
36	43.4874
36.1	43.6712
36.2	43.8553
36.3	44.0397
36.4	44.2245
36.5	44.4095
36.6	44.595
36.7	44.7809
36.8	44.9671
36.9	45.1538
37	45.3408
37.1	45.528
37.2	45.7154
37.3	45.9031
37.4	46.0912
37.5	46.2796
37.6	46.4682
37.7	46.6573
37.8	46.8467
37.9	47.0363
38	47.2264
38.1	47.417
38.2	47.608
38.3	47.7994
38.4	47.9911
38.5	48.183
38.6	48.3754
38.7	48.5682
38.8	48.7614
38.9	48.9549
39	49.1488
39.1	49.3429
39.2	49.5374
39.3	49.7323
39.4	49.9276
39.5	50.1232
39.6	50.3192
39.7	50.5156
39.8	50.7123
39.9	50.9094
40	51.1068
40.1	51.3046
40.2	51.5027
40.3	51.7011
40.4	51.8995
40.5	52.0982
40.6	52.2972
40.7	52.4965
40.8	52.6964
40.9	52.8965
41	53.0968
41.1	53.2974
41.2	53.4984
41.3	53.6999
41.4	53.9017
41.5	54.1039
41.6	54.3065
41.7	54.5094
41.8	54.7127
41.9	54.9164
42	55.1205
42.1	55.325
42.2	55.5297
42.3	55.7347
42.4	55.94
42.5	56.1455
42.6	56.3515
42.7	56.5578
42.8	56.7646
42.9	56.9717
43	57.1793
43.1	57.3871
43.2	57.5953
43.3	57.8038
43.4	58.0126
43.5	58.2219
43.6	58.4315
43.7	58.6414
43.8	58.8516
43.9	59.0622
44	59.2731
44.1	59.4844
44.2	59.6959
44.3	59.9077
44.4	60.1199
44.5	60.3323
44.6	60.545
44.7	60.758
44.8	60.9714
44.9	61.185
45	61.399
45.1	61.6134
45.2	61.8281
45.3	62.043
45.4	62.2583
45.5	62.474
45.6	62.69
45.7	62.9063
45.8	63.1231
45.9	63.3403
46	63.5577
46.1	63.7755
46.2	63.9937
46.3	64.2123
46.4	64.4313
46.5	64.6508
46.6	64.8705
46.7	65.0906
46.8	65.3112
46.9	65.5321
47	65.7534
47.1	65.9752
47.2	66.1973
47.3	66.4197
47.4	66.6425
47.5	66.8656
47.6	67.089
47.7	67.3127
47.8	67.5367
47.9	67.7611
48	67.9859
48.1	68.2108
48.2	68.4361
48.3	68.6617
48.4	68.8875
48.5	69.1136
48.6	69.3399
48.7	69.5668
48.8	69.7941
48.9	70.0217
49	70.2498
49.1	70.4782
49.2	70.707
49.3	70.936
49.4	71.1654
49.5	71.3952
49.6	71.6252
49.7	71.8556
49.8	72.0863
49.9	72.3173
50	72.5486
50.1	72.7802
50.2	73.0122
50.3	73.2445
50.4	73.4771
50.5	73.7101
50.6	73.9436
50.7	74.1775
50.8	74.412
50.9	74.6468
51	74.8818
51.1	75.1171
51.2	75.3527
51.3	75.5886
51.4	75.8249
51.5	76.0615
51.6	76.2985
51.7	76.5358
51.8	76.7735
51.9	77.0115
52	77.2499
52.1	77.4886
52.2	77.7278
52.3	77.9673
52.4	78.2073
52.5	78.4475
52.6	78.688
52.7	78.9288
52.8	79.1701
52.9	79.4117
53	79.6535
53.1	79.8956
53.2	80.1381
53.3	80.3809
53.4	80.624
53.5	80.8673
53.6	81.1108
53.7	81.3548
53.8	81.5992
53.9	81.8438
54	82.0888
54.1	82.334
54.2	82.5797
54.3	82.8257
54.4	83.0722
54.5	83.3189
54.6	83.5659
54.7	83.8133
54.8	84.061
54.9	84.309
55	84.5572
55.1	84.8058
55.2	85.0547
55.3	85.304
55.4	85.5537
55.5	85.8038
55.6	86.0542
55.7	86.3051
55.8	86.5562
55.9	86.8075
56	87.0592
56.1	87.3112
56.2	87.5636
56.3	87.8161
56.4	88.0689
56.5	88.3222
56.6	88.5759
56.7	88.8301
56.8	89.0846
56.9	89.3394
57	89.5945
57.1	89.8499
57.2	90.1057
57.3	90.3619
57.4	90.6184
57.5	90.8753
57.6	91.1325
57.7	91.39
57.8	91.6479
57.9	91.9061
58	92.1645
58.1	92.4233
58.2	92.6825
58.3	92.9419
58.4	93.2018
58.5	93.462
58.6	93.7225
58.7	93.9833
58.8	94.2445
58.9	94.506
59	94.7678
59.1	95.0302
59.2	95.2929
59.3	95.556
59.4	95.8195
59.5	96.0833
59.6	96.3476
59.7	96.6121
59.8	96.8769
59.9	97.1422
60	97.4079
60.1	97.674
60.2	97.9405
60.3	98.2073
60.4	98.4745
60.5	98.742
60.6	99.01
60.7	99.2782
60.8	99.5469
60.9	99.8161
61	100.086
61.1	100.356
61.2	100.626
61.3	100.897
61.4	101.168
61.5	101.439
61.6	101.71
61.7	101.982
61.8	102.254
61.9	102.526
62	102.799
62.1	103.072
62.2	103.345
62.3	103.619
62.4	103.894
62.5	104.168
62.6	104.443
62.7	104.719
62.8	104.995
62.9	105.271
63	105.548
63.1	105.825
63.2	106.102
63.3	106.38
63.4	106.658
63.5	106.937
63.6	107.215
63.7	107.494
63.8	107.773
63.9	108.053
64	108.333
64.1	108.613
64.2	108.894
64.3	109.175
64.4	109.456
64.5	109.738
64.6	110.02
64.7	110.302
64.8	110.585
64.9	110.867
65	111.15
65.1	111.434
65.2	111.718
65.3	112.002
65.4	112.286
65.5	112.571
65.6	112.857
65.7	113.142
65.8	113.428
65.9	113.715
66	114.001
66.1	114.288
66.2	114.576
66.3	114.863
66.4	115.151
66.5	115.439
66.6	115.728
66.7	116.017
66.8	116.307
66.9	116.596
67	116.887
67.1	117.177
67.2	117.468
67.3	117.76
67.4	118.051
67.5	118.343
67.6	118.636
67.7	118.928
67.8	119.221
67.9	119.515
68	119.809
68.1	120.103
68.2	120.398
68.3	120.693
68.4	120.988
68.5	121.284
68.6	121.58
68.7	121.876
68.8	122.173
68.9	122.47
69	122.768
69.1	123.066
69.2	123.364
69.3	123.663
69.4	123.962
69.5	124.261
69.6	124.561
69.7	124.861
69.8	125.162
69.9	125.463
70	125.764
70.1	126.066
70.2	126.368
70.3	126.671
70.4	126.974
70.5	127.277
70.6	127.581
70.7	127.885
70.8	128.19
70.9	128.495
71	128.8
71.1	129.105
71.2	129.411
71.3	129.717
71.4	130.023
71.5	130.33
71.6	130.637
71.7	130.945
71.8	131.253
71.9	131.561
72	131.869
72.1	132.178
72.2	132.487
72.3	132.796
72.4	133.105
72.5	133.415
72.6	133.725
72.7	134.035
72.8	134.346
72.9	134.657
73	134.968
73.1	135.28
73.2	135.592
73.3	135.905
73.4	136.218
73.5	136.531
73.6	136.845
73.7	137.159
73.8	137.473
73.9	137.788
74	138.103
74.1	138.419
74.2	138.734
74.3	139.05
74.4	139.367
74.5	139.684
74.6	140.002
74.7	140.319
74.8	140.637
74.9	140.955
75	141.274
75.1	141.593
75.2	141.913
75.3	142.232
75.4	142.552
75.5	142.873
75.6	143.194
75.7	143.515
75.8	143.836
75.9	144.158
76	144.48
76.1	144.802
76.2	145.125
76.3	145.448
76.4	145.772
76.5	146.096
76.6	146.42
76.7	146.745
76.8	147.07
76.9	147.395
77	147.721
77.1	148.047
77.2	148.374
77.3	148.701
77.4	149.028
77.5	149.355
77.6	149.683
77.7	150.011
77.8	150.339
77.9	150.669
78	150.998
78.1	151.328
78.2	151.658
78.3	151.988
78.4	152.319
78.5	152.65
78.6	152.981
78.7	153.313
78.8	153.645
78.9	153.977
79	154.31
79.1	154.643
79.2	155.593
79.3	156.543
79.4	157.496
79.5	158.446
79.6	159.396
79.7	160.344
79.8	161.291
79.9	162.24
