2.6252
2.46343
2.5526
3.08962
2.2711
2.52118
2.78398
3.22318
2.45374
2.94824
2.98094
3.16488
2.07181
1.2726
3.12876
1.97522
2.97521
2.85995
3.06
2.34385
1.95798
3.18478
1.78908
3.17425
2.74746
2.66064
2.45002
2.41067
1.6187
1.74834
2.88358
2.98603
2.47947
3.05134
2.11511
1.17706
2.33912
2.07559
2.84434
2.73322
3.20293
2.82847
1.89745
1.08082
2.60743
2.09111
3.00674
1.87644
2.9749
3.20097
1.17663
1.20644
3.08884
2.54028
2.26316
2.59246
2.79891
2.78244
1.11707
2.68033
2.57678
1.6712
2.54534
2.51805
1.94172
2.87748
2.52198
2.56203
1.76021
2.13637
2.96021
2.97297
3.16709
2.46175
3.01033
3.19614
3.22355
2.81082
3.12359
2.82519
1.25592
2.9987
2.44893
2.54153
2.1762
3.19464
2.94628
1.48638
3.03346
3.08273
2.49141
2.86913
2.78892
2.18551
1.74946
1.70865
3.06113
1.04912
2.00355
2.14332
3.18942
1.13045
1.60171
3.18498
2.51984
1.91334
3.16477
1.37315
2.48288
2.88447
2.93254
2.63629
2.8565
1.56244
2.24902
1.67133
2.13438
2.22458
2.80143
2.2054
2.02103
3.0894
2.84201
3.08085
3.13199
2.55701
1.79994
2.40131
1.48919
1.76669
2.6259
2.74499
3.15797
3.21892
1.6071
1.6904
2.25724
2.1449
2.75261
3.16435
3.16854
2.85131
2.89366
2.40158
2.20584
1.1521
2.83492
3.14633
3.17821
1.04054
2.31628
2.74947
2.38744
3.03485
2.39031
2.14679
2.77648
2.32744
2.35648
2.15129
2.71201
2.21474
1.89849
2.67281
3.21392
2.40952
2.62994
3.06312
3.02772
2.77141
3.22723
3.05344
3.15841
2.47137
2.39975
3.02077
1.94832
1.97171
3.01611
1.04367
3.06002
2.98498
1.96651
3.18811
1.88642
2.93312
3.10791
1.42889
2.56321
2.53659
1.78533
2.39903
2.44543
2.65057
1.05232
3.13148
3.14879
1.71949
3.06572
2.57156
1.71122
2.34054
1.56213
2.68552
1.57048
2.47031
1.61867
1.41583
2.72201
2.77945
2.4999
2.86809
2.80086
2.71374
2.06797
2.74988
2.15416
2.67189
3.04641
3.09946
2.9674
3.0802
1.73011
3.22424
1.02677
2.14771
3.10886
1.08885
1.21205
2.10546
1.77344
1.09712
1.58931
2.94815
2.69354
2.65453
1.13217
1.8138
2.71955
3.14685
2.89031
2.98742
2.25357
2.38916
1.75235
2.60949
3.03737
1.77322
3.05289
3.04669
3.1825
2.30723
3.03298
2.46312
2.78292
3.04807
1.97861
2.28902
2.46029
1.73524
3.12116
2.05316
2.09801
2.72729
2.83099
2.58698
2.89527
2.58401
1.97866
2.66879
3.03698
1.09332
3.05361
1.14508
2.88307
1.27129
2.76756
2.77091
3.03105
3.09333
2.63281
2.87845
1.97992
2.69929
2.46851
1.37239
2.82144
2.9336
3.16592
3.00241
2.16746
3.02723
3.01626
3.19844
3.00158
2.85834
2.60013
3.10799
2.17392
2.86128
3.1587
2.33239
2.34243
2.19061
1.21379
3.23071
2.38939
1.97924
2.76466
2.66138
1.12112
2.74756
2.20314
1.44807
3.01359
1.22143
2.1475
2.10938
2.40554
2.04128
2.12197
2.0462
2.31056
2.09637
2.01336
2.63481
2.83174
3.10295
1.20036
2.17677
1.80882
1.53002
3.09374
2.89484
3.03438
2.98206
2.33516
1.68649
1.5551
1.11885
3.20397
2.96087
2.90986
2.67038
1.98523
1.08785
1.19755
2.61158
1.75066
2.48903
2.00022
3.04303
1.55488
3.21621
2.96227
3.18794
2.20195
2.49245
2.20983
3.1743
2.14404
2.36338
1.22725
2.60092
3.07674
1.47606
1.63325
2.57873
2.82812
3.10517
2.1039
3.21435
3.17106
2.53876
2.24115
2.2233
2.5126
2.31869
3.22571
2.10542
2.27957
1.46375
2.17098
1.1399
1.27794
2.81743
1.70959
3.20557
3.21927
1.74882
2.66707
1.65311
2.12136
2.44084
2.14066
2.27063
1.60235
1.89981
2.60794
2.46798
2.24669
2.57443
3.126
1.88072
1.28146
3.0538
1.80138
2.78995
2.76741
2.62503
2.28797
2.68017
1.83351
3.16992
2.78492
3.17343
2.87893
2.83211
2.97522
2.7034
3.18842
2.63436
3.16036
2.91285
2.44826
2.16391
3.06881
2.90326
2.8428
2.39971
1.13038
1.92437
1.90001
1.20152
3.08066
2.45941
3.18343
2.89858
2.3774
2.85273
2.26976
2.75838
3.19793
2.35808
3.20016
3.09528
2.65961
2.00153
2.42187
2.9227
3.02869
2.88115
1.18074
3.1952
2.88444
1.92582
1.84766
3.16772
2.27055
1.21515
3.20955
1.15682
2.50708
2.98691
2.22396
2.3412
2.34343
3.09339
2.45517
1.98748
2.47949
3.0642
3.15882
1.97797
2.87555
1.11427
1.85064
2.43541
3.01041
2.70609
2.20325
3.01643
2.06905
3.0167
2.99105
1.30951
2.06069
2.45777
2.60423
2.70976
2.60485
2.94341
2.41301
2.65333
2.27581
1.89733
2.04145
3.00962
3.14907
2.70551
2.44991
2.89796
2.63648
2.45645
1.69025
2.99872
3.19458
2.1591
3.11011
2.37004
3.15801
3.03749
1.70514
2.70518
2.82946
3.12867
1.97089
2.19241
3.04604
2.43433
1.76132
2.77904
1.74423
2.61092
2.71115
1.3617
2.78555
3.20759
2.81167
3.04765
3.05086
1.19767
2.39939
2.81335
3.18696
1.85644
3.02973
1.23188
3.07255
3.19488
2.6138
2.85453
3.21812
2.90604
1.75253
1.41015
2.72983
3.22998
2.57825
2.51508
3.07827
3.22579
1.49612
2.30516
2.45193
2.99621
2.43051
2.01906
3.20772
2.08518
1.89286
2.3067
3.13648
2.77771
1.70238
2.48463
1.14788
2.59026
1.19007
2.66078
2.46062
3.06304
1.10017
2.32683
2.16377
2.6246
2.63456
2.6527
2.10969
2.58085
1.95954
2.01675
2.52344
3.14852
2.57022
3.16891
3.14646
2.058
1.84866
1.55707
2.52091
2.70572
0.965774
2.70433
3.05099
1.06366
3.00245
3.21073
3.12643
3.04344
1.58651
2.58938
1.84468
3.21973
1.28859
2.33327
2.91313
3.22651
2.61377
2.69834
2.77273
1.36928
2.80896
2.77858
2.09678
2.70571
2.85552
1.57595
1.22634
2.4049
1.17014
2.06481
2.90967
3.20603
3.22796
2.80155
2.03291
1.8865
2.94004
2.17435
1.6665
2.71157
2.52802
2.69886
2.05303
2.42165
3.01685
2.6491
2.3748
2.11697
1.67222
1.45509
1.6005
2.96253
3.02115
2.37385
3.08261
2.9912
2.57567
3.15594
2.06306
1.9563
2.62587
2.53629
2.96718
2.47179
1.35418
2.4339
3.03444
1.75088
3.06369
2.79546
3.09734
2.4153
1.70087
2.85055
1.14108
2.71827
3.21282
2.94848
3.02842
2.1784
2.8615
2.00651
2.56248
3.05307
1.80879
2.12681
2.89335
3.15265
3.05142
2.61068
2.72952
2.92708
2.72786
0.996945
3.08989
1.8071
1.10447
3.22075
3.10973
2.63924
2.70798
2.96729
3.08693
3.13246
3.17931
2.98943
2.34651
1.01532
2.00597
1.50458
2.63425
3.11578
2.12593
2.21317
2.25011
3.21764
3.11666
2.77266
2.90465
3.18533
1.2276
2.13477
1.33453
2.323
1.80271
2.23308
2.89551
2.91783
2.91702
2.30558
3.19209
1.43526
2.93786
2.98348
2.39591
2.97912
1.65461
2.51528
3.04288
1.99758
2.68849
1.05639
2.9289
2.7259
3.02388
2.25769
1.37271
3.09607
2.04796
2.97445
2.56438
2.51065
2.6932
2.41056
2.53908
1.97714
1.72123
3.10573
3.02282
1.03011
2.94477
2.64809
2.40694
2.85585
3.14772
2.42077
1.90193
2.29819
1.73689
2.95256
2.9648
2.94886
2.10678
2.73253
2.5919
3.09369
1.0822
2.74751
2.69602
1.05416
2.17503
2.63562
2.88639
2.97871
2.15993
2.44322
2.09598
2.78498
1.90583
2.82035
2.15595
1.92329
2.43193
2.69354
2.26491
1.1085
1.88938
3.19792
3.19582
2.74864
2.24603
2.61194
2.12345
2.95123
2.95953
2.73406
2.61754
2.62586
3.20839
2.5576
1.39722
2.63583
2.23289
1.74344
2.93
3.08718
3.14894
2.42595
1.8857
2.65208
2.48666
2.61481
2.69227
2.82854
3.22207
3.12298
1.697
2.30287
3.07103
1.82684
1.55787
1.25641
2.7584
2.17755
2.6017
3.22482
1.18363
2.09395
3.0561
2.79419
2.6789
2.87587
2.88239
1.39185
1.39941
2.347
2.56344
3.20875
3.20885
2.84094
1.97056
2.25977
1.38053
2.96495
2.94673
2.93248
2.9883
2.38235
3.18404
2.55181
2.93644
1.27837
2.7015
2.06802
1.89187
1.26424
1.48798
2.10062
2.02541
3.14512
3.21339
1.03779
2.89417
2.25841
2.45373
2.74136
2.64651
2.5385
1.06152
3.13026
2.19279
2.85756
1.36538
2.50369
2.47032
2.02258
2.81123
2.08907
2.77988
3.08725
2.37816
1.05981
2.35275
1.31637
2.96483
2.72986
2.47811
1.85186
2.83737
2.41523
2.33802
3.23072
3.08415
2.22382
2.99998
1.76677
3.08679
1.24673
2.96216
2.36385
2.90569
1.09249
3.00909
2.98972
3.1695
2.66232
2.19311
1.15069
2.37351
1.63393
3.10886
2.46761
2.36932
1.17308
3.21549
2.3722
1.14301
1.85699
2.85018
2.55702
2.39484
1.96647
1.62873
2.08131
2.80524
2.93624
2.48666
1.84702
2.8155
2.32852
2.41358
3.12081
2.71571
1.47504
2.18936
3.06854
1.06181
3.14943
2.47837
2.90496
2.10619
1.87762
3.17032
1.01601
2.38311
2.48482
3.11933
2.51435
2.26013
2.4127
2.39123
2.51162
2.49262
1.85892
2.60481
3.08349
1.47424
2.3199
3.15024
3.19955
2.26031
3.09692
1.92683
2.56604
3.17583
2.95358
3.21558
1.90564
2.84012
2.77547
2.7792
3.14415
3.21018
3.12251
2.60812
2.75328
1.74545
3.2038
2.69941
2.77583
1.94982
2.52583
1.76493
1.316
3.09353
3.08193
2.75211
2.71929
1.86803
2.02159
2.94356
2.86986
1.98734
2.14723
2.53609
2.69237
1.38386
2.85124
2.25959
1.50538
2.96305
2.5252
3.19853
2.19863
2.76028
3.13179
1.98175
3.12538
2.95483
2.74011
1.99344
2.84239
2.55436
1.98432
2.79521
1.25467
2.43083
1.8351
1.9769
2.93622
3.10522
2.14988
3.02098
1.18465
1.26817
2.22858
2.42125
2.07755
0.992515
2.62859
1.02299
3.07088
3.03276
3.20544
1.83715
1.37225
1.99349
2.28226
2.18679
3.04568
2.93791
1.76392
2.85055
2.92663
2.62255
1.35135
2.48891
3.11629
2.84747
2.70838
2.38045
1.45807
3.19286
2.59925
2.59995
2.31246
2.4872
1.4563
2.82062
1.89814
3.22088
2.75211
2.88369
1.64947
3.05174
1.94305
1.79738
3.0043
1.0311
3.16995
2.77565
2.23019
3.20229
2.95905
3.0176
3.11993
3.11289
2.59711
3.07292
2.7925
2.30091
2.04493
3.22411
1.91604
2.28348
3.02717
3.0309
2.94139
2.88534
2.14606
2.25398
2.83929
1.0547
3.04398
3.13456
3.2141
2.0186
1.59457
2.92527
2.86991
1.98988
2.17261
3.14272
2.79793
2.25918
2.92501
1.92493
2.95426
2.67531
2.36852
3.14842
3.06791
1.09856
2.73899
2.88118
3.08758
2.79151
1.31752
2.96484
1.03791
2.15133
2.06216
2.32575
2.42509
2.88361
3.18584
2.53243
1.16753
2.97707
1.97178
1.19657
3.15862
1.77301
3.21194
2.41315
2.40727
1.69329
3.09205
2.51454
1.8969
2.91311
2.88457
2.35324
1.98944
1.88202
3.15646
2.80502
2.74647
2.65488
2.75432
2.65408
2.97132
1.90686
2.31647
1.13331
2.44694
2.52158
2.44409
2.58602
3.2139
2.54665
1.20145
2.88615
3.15766
2.58988
3.11809
2.81715
2.53889
2.68577
1.87121
2.05591
2.72628
3.12039
2.24176
1.81298
2.93012
1.69477
2.80235
2.09423
1.97479
3.12508
2.15692
3.07184
1.75584
2.05273
2.1387
2.70479
3.18461
2.63611
1.66911
3.06746
3.09401
3.07222
1.08951
2.46941
2.68214
2.74644
2.18868
2.37522
2.85401
2.27701
1.23133
2.49068
2.7003
3.18304
1.38085
2.34071
1.08966
2.82387
1.94997
2.10115
1.91757
2.92874
2.96917
3.05581
2.46372
2.81121
2.81854
1.0613
2.58967
2.36364
1.68155
3.0527
3.21123
2.10463
3.09359
3.22693
2.31285
3.12444
2.12637
2.86023
2.15133
2.73698
2.41358
1.98934
2.55309
1.33679
2.78213
2.50783
3.05756
2.63927
1.25731
3.11776
3.02766
2.16243
3.14939
3.22394
3.06552
2.05786
3.04773
2.83173
1.18167
2.72334
2.69337
3.21017
3.21558
3.12431
1.77022
3.2041
2.10944
2.63669
1.1018
3.09272
2.67989
2.09815
2.25886
1.21822
3.08907
2.47714
2.29249
1.66568
2.21536
2.42949
3.0881
2.24651
1.70626
2.1047
1.81641
1.76253
2.9457
2.52192
1.73782
2.99826
2.8739
1.14945
2.82906
2.73101
2.80625
3.2062
2.17196
3.02339
1.07917
2.45086
1.76595
2.73618
2.52364
3.09374
2.72036
1.41756
2.8096
2.28708
2.95194
1.60517
2.90869
2.57787
1.50799
2.85062
2.79833
2.9808
3.13624
1.36702
3.13953
2.66853
2.08974
2.24442
2.91606
2.62724
2.69149
2.31276
2.89946
1.96962
2.67525
1.76589
1.2989
2.05884
2.4535
3.00428
2.76517
1.58806
2.16596
2.52871
1.74338
1.23451
2.74408
1.78789
2.40375
1.32489
2.85109
2.26992
1.34655
2.8555
2.25373
3.06162
2.68149
2.47982
2.59924
2.88245
2.89024
2.76024
2.3737
2.47832
1.85287
2.07403
2.3346
1.46634
3.21351
2.41161
3.13434
2.71809
1.97055
2.59158
2.73274
2.60571
1.86573
1.51909
1.97738
2.86766
2.31061
2.24794
2.21849
1.61344
2.63502
3.21023
2.60144
2.42661
2.42916
2.88317
3.22346
2.89146
3.20804
1.08409
3.1529
2.38403
2.2718
3.13036
3.1171
2.35439
2.13534
1.25882
3.1553
1.39248
3.08624
2.30571
2.10244
2.29441
2.07403
1.84747
2.99085
2.52475
2.88245
2.79551
3.18005
2.28095
1.40168
2.89481
2.83185
3.14158
3.14082
2.51223
2.82072
3.14619
2.88504
1.00301
3.1016
2.32501
1.50035
3.06857
1.46876
2.84969
2.53685
2.60512
2.75543
1.08005
3.08217
3.18803
2.55278
2.42487
2.09399
2.75975
2.7497
2.74177
2.47525
2.57767
3.18546
3.02633
3.10023
2.35037
2.42242
3.14511
2.935
2.48071
2.77257
2.78352
1.86152
1.81719
2.55872
3.18704
2.33147
2.38227
3.10144
2.38925
1.7055
2.95595
0.987988
2.74809
2.82343
1.71551
1.60332
3.00879
2.70246
2.09545
3.0099
2.27279
1.11483
2.61261
3.12242
2.59187
2.76021
1.77046
1.37203
1.59462
1.07807
2.22001
1.23993
2.48329
1.11539
2.30566
1.93573
3.19518
2.91889
2.92365
1.94616
3.1894
2.06198
2.47217
1.45407
2.16142
2.02945
2.32418
2.61991
2.80819
3.19925
1.74188
2.57939
2.56986
1.11518
2.01778
1.54013
3.05185
2.77219
3.01616
1.41204
2.9053
1.9749
2.70095
1.85229
2.23903
1.0001
2.30345
2.9828
2.9837
1.85285
3.0264
1.37855
1.92278
2.90834
3.05986
3.14734
2.32842
3.03883
2.48134
1.92356
1.90078
3.06206
2.86785
2.71909
2.70713
2.44648
2.85804
2.52378
2.81405
2.92528
2.29887
2.59644
3.17829
2.95446
2.97449
3.1195
2.94278
3.15858
2.71086
1.86797
1.1404
1.13434
1.07684
3.17209
1.85343
3.07154
2.43782
2.59656
2.39684
3.0473
2.5914
1.98375
1.74327
2.27005
1.86977
2.49836
2.13534
3.16698
3.09178
2.17131
2.17511
3.07184
2.27187
1.98578
2.99416
3.10937
2.07033
3.00277
2.77381
2.63258
2.97993
2.18035
1.93231
3.22371
2.85237
2.88655
3.18521
1.26031
1.85086
3.10025
3.07738
1.92734
2.92115
2.27145
1.2262
1.3776
2.26645
2.38014
2.081
2.89959
2.88877
1.32833
3.21517
3.07534
1.38531
2.72558
2.90698
2.83949
3.02983
2.95711
2.82248
2.46556
2.97455
2.40452
2.31161
2.03897
1.9649
3.14089
1.63856
1.91386
2.5808
1.24907
2.89622
2.54309
3.13203
2.58637
2.55147
2.4413
3.03336
2.55547
1.84966
2.77565
1.2864
2.10153
2.97195
2.33564
2.35583
3.08423
2.25639
1.11823
2.26042
3.13324
2.58913
2.10355
2.07034
2.77992
2.90248
1.62538
2.01906
1.67098
1.75953
2.85824
3.12977
2.65765
1.1881
1.46024
1.88625
2.66478
2.29793
2.31526
2.32196
3.12999
1.54529
2.53104
2.78043
2.5725
1.88544
2.98277
2.90639
2.33204
1.52514
2.50842
2.57735
2.02719
2.71599
3.04075
2.82391
2.32552
2.0859
2.70531
1.30552
2.71949
1.43465
3.21609
2.26791
1.99902
2.91225
2.75605
2.76043
2.33801
1.23427
2.23281
2.70645
2.10129
2.43204
1.56347
2.90169
2.77707
2.30819
2.70446
3.17097
2.79444
2.05215
2.63801
2.45092
3.15644
2.99225
3.01763
2.31899
1.97204
2.68679
2.18311
1.97988
1.4729
2.39102
2.60528
3.04652
2.58386
2.6955
3.19192
1.42352
3.14349
3.09697
2.70312
2.46139
1.56395
0.964894
2.18877
2.74916
3.05421
1.89828
2.48728
2.4689
2.67497
3.20687
2.10835
2.6266
3.07575
2.95999
1.18296
2.40558
2.04308
3.01166
2.99254
2.85988
1.84946
3.20673
2.75914
2.49973
3.08692
1.53783
2.43297
2.66801
3.00563
2.33508
2.90506
3.20214
2.11589
2.9752
1.90901
1.08579
1.03536
2.12166
1.29694
2.62577
1.98937
2.10695
2.53043
2.8063
2.45291
3.0026
1.75419
2.51809
2.82189
2.89382
1.46145
2.62309
2.79669
1.78939
2.15999
1.92004
2.74857
1.61686
3.09036
2.82951
2.99616
2.64926
1.03482
2.31
1.89649
2.7958
2.51394
3.09869
2.90244
3.12215
2.63352
3.14149
2.47417
3.19007
2.11699
2.62922
3.09114
2.92509
3.22658
2.76364
1.65691
3.07239
3.22138
2.30734
1.34342
1.25938
2.19817
1.64112
2.64658
1.99552
3.02964
3.1796
3.19582
1.414
2.73571
2.03731
2.85766
3.00565
2.68227
2.12655
2.04908
3.18481
2.99844
2.34068
2.86403
3.08383
2.22787
1.88675
2.82913
2.79083
1.2832
2.13561
2.63471
2.84679
2.17632
3.17005
2.55671
3.01835
2.15409
2.29044
2.59715
2.83202
1.08576
3.21758
3.13915
3.02325
2.0232
1.97053
3.16963
2.06775
3.20356
2.55543
2.86532
2.36109
2.99323
2.67453
2.6663
2.92559
2.83371
3.12456
1.7551
1.53301
3.16915
3.04389
2.93171
2.64386
2.86134
2.03929
3.10485
2.93862
2.60717
2.83343
1.51317
2.94204
2.27788
2.78379
1.94859
1.67476
2.32296
2.93822
2.276
1.02092
2.53596
1.37711
3.16688
2.00718
1.13596
1.89119
2.42126
2.91638
2.47559
3.1386
2.78236
3.03338
2.33326
2.84823
2.53867
3.13831
2.21151
3.21477
2.22456
1.87166
1.32671
2.45977
2.03106
3.05472
1.23385
2.86491
2.37282
2.07838
1.50243
1.75591
2.46099
2.30755
3.02377
2.97286
1.99106
2.08599
2.4246
2.76787
2.6026
2.80698
2.63521
2.1532
2.88704
2.63465
1.22069
1.14655
3.0891
2.15531
2.65141
2.57936
1.45609
3.09557
1.86372
0.96032
3.11793
2.5869
1.70387
1.3935
1.80232
2.4239
2.4038
2.10006
2.13647
3.02324
2.51169
2.95002
2.50393
1.49443
3.03209
2.65891
2.96352
1.86974
2.42586
1.77067
2.6744
2.04057
2.63731
2.73503
2.88657
2.35192
1.64756
2.07035
2.95025
2.21986
2.79788
2.98062
3.0384
2.7803
2.49784
2.20965
2.63044
2.02551
1.59787
3.07865
2.67581
3.06521
3.10488
2.65748
1.12387
2.8221
2.14606
1.464
2.42744
2.41665
1.10373
3.01134
3.1581
2.46639
2.74862
3.1407
2.10685
2.35807
2.9267
2.57467
3.06936
2.15181
2.7224
2.21092
2.70413
2.48275
2.8592
2.15006
1.87563
2.31691
3.17496
2.93464
1.02176
2.86862
2.62748
3.10135
3.07692
2.94397
3.10168
2.40567
1.03408
3.07249
1.81062
2.28383
1.77263
3.1096
1.76979
1.67226
3.20205
3.02043
2.62849
3.20814
1.86085
1.81819
3.11469
1.20468
3.12251
3.06642
2.91725
3.06938
2.74692
2.32784
3.21916
2.72079
1.45948
2.04181
3.07891
2.63817
1.88775
2.98924
1.98636
2.74374
2.76138
1.35755
2.63639
2.04909
3.16441
2.54132
2.77781
2.72973
3.2221
2.37574
3.20578
2.6882
1.81419
2.21832
2.49348
3.1327
2.49981
1.07137
2.67288
2.11346
2.54301
2.8298
1.99963
2.978
3.19298
2.83366
3.06801
2.94925
1.18471
2.60716
2.94053
2.41715
3.05004
1.86719
2.90965
2.76447
2.6619
2.60065
3.1917
2.55705
3.10596
0.966973
2.93556
2.82684
3.0705
2.11271
3.20314
2.60404
1.53485
1.9164
2.91622
1.66446
2.24339
2.88956
2.97213
2.49893
1.23965
2.44141
2.95358
2.81796
2.8362
2.69562
2.76283
1.65575
2.40033
2.3734
2.44598
1.90865
2.38714
2.84004
2.8479
2.65202
1.72055
2.66403
2.65162
3.06222
1.79065
1.72084
2.61292
2.30529
3.02921
2.40786
1.01412
2.32569
1.94891
2.06614
2.58761
2.63046
1.2828
2.39453
3.1783
3.03393
2.87597
2.89024
2.15181
3.04782
2.68446
2.21827
3.15606
2.38528
1.21875
1.95768
1.57446
1.76394
1.88671
3.1319
3.08633
3.10154
1.78445
2.91005
2.66023
3.0123
2.21108
3.0189
2.89504
2.72505
2.14661
2.6834
3.09408
2.97094
1.13039
2.6688
2.47993
2.89534
3.13572
2.844
0.968739
2.7189
1.84007
1.68798
2.38176
2.3686
1.60412
2.22663
3.0445
3.14489
1.25389
2.84908
2.04167
1.35601
2.97513
1.89579
2.5479
1.13667
2.56811
3.08722
2.69324
3.21168
3.03088
1.17832
2.98196
2.86683
2.4527
1.68627
1.13925
2.78596
2.62472
2.14808
2.32315
2.77484
2.75347
1.48107
3.20703
2.88689
2.64646
3.19818
1.90819
2.88003
2.52508
2.91453
3.12795
3.05375
2.4729
1.99836
1.96362
2.51397
2.81369
3.21829
1.27834
2.74628
1.28058
1.70877
2.97036
2.80965
1.06294
2.40276
2.56963
3.20728
2.72892
3.08356
2.37401
1.57382
2.12694
3.11745
2.57255
2.95529
2.79444
1.89743
2.24234
2.35955
2.48219
2.20924
2.76237
2.26615
2.021
1.82556
1.35176
1.77079
2.5594
2.00104
3.15231
3.06322
1.94531
1.64841
1.95205
2.02294
2.72603
2.88377
3.0248
2.94651
1.3011
3.21935
2.68276
2.12606
1.03508
1.09927
2.61624
2.78533
2.97917
2.08834
2.81326
2.15964
2.85162
2.9992
3.0935
3.04755
2.06675
2.59426
2.68987
2.53579
2.79548
2.90185
1.13178
2.6814
2.77353
1.04932
3.06167
2.49914
2.79696
3.15234
1.73053
2.5353
3.21585
2.15929
1.2995
3.05729
3.07055
1.93645
1.65336
2.96873
2.43162
3.16313
1.54578
2.69257
2.8087
2.12696
3.21364
2.6283
2.2553
2.02227
1.02724
2.77466
2.8607
2.90776
2.94346
1.29782
3.14622
2.93874
2.53028
3.1332
3.19619
2.50654
2.91359
3.0514
1.8413
2.63443
3.10305
2.51038
2.90483
1.06111
2.31113
2.94029
1.04489
3.06233
1.80676
1.9295
2.52792
2.17697
1.94323
2.52183
1.62552
2.9812
1.92355
3.1168
2.88213
2.01151
1.07029
2.49259
2.03732
2.35768
1.88327
3.01426
3.11261
2.25313
2.19319
1.99114
2.03712
2.67872
2.2976
2.56004
1.08666
2.57905
1.23808
2.45295
2.63781
2.55429
1.27136
2.3533
2.81748
1.11851
2.78213
3.05274
1.60991
2.1942
3.11176
2.98045
3.18648
2.24489
2.65687
2.52269
2.43919
2.9147
2.68771
2.07659
2.97957
2.13323
1.4038
2.73847
2.79223
2.66735
3.17316
1.94106
3.15381
1.38127
1.99483
2.58925
2.76971
2.78263
1.15504
2.88112
2.72151
2.79968
2.16382
1.7986
3.19958
3.17449
1.8886
1.78247
2.35327
2.93812
3.08835
2.8372
2.997
1.57539
1.79531
2.23425
3.18375
3.22871
2.08837
2.19434
1.90213
2.70274
3.06326
2.60971
0.988466
2.91818
2.0725
2.077
2.98709
2.28804
3.20808
1.19066
3.16692
0.998727
1.49141
2.87826
1.96461
3.12234
2.96779
2.45493
2.87534
2.01385
1.87971
2.23716
2.936
2.79898
2.05743
2.27902
2.17984
2.09938
1.14122
2.0443
2.71828
2.39942
2.88373
2.89773
2.36835
1.27259
2.73817
2.44024
2.99971
2.79045
1.94985
2.11738
2.86624
3.20874
2.76661
3.14659
2.74149
2.88977
2.91454
2.56211
1.42041
2.46921
2.5143
2.29364
2.45654
2.88414
1.63832
1.19047
2.8652
2.0383
3.20556
3.14994
2.52823
2.94909
2.4334
2.07829
1.65348
3.06984
2.90494
2.65126
2.64584
3.16202
2.05085
2.39143
2.11378
2.41635
2.95195
3.1778
3.099
1.70029
2.08204
2.7317
1.82764
3.04962
1.58938
2.19088
0.985208
2.70323
2.52223
2.03772
1.95294
1.33014
1.78501
2.24739
2.75159
2.6223
2.87828
3.14959
3.14493
1.2512
3.14624
0.979223
3.07394
2.38939
3.06471
2.88212
1.51753
3.11552
2.75676
3.05222
1.67168
3.14151
2.21704
2.41463
3.20512
2.78123
1.96222
3.05919
2.2277
2.40698
2.69917
2.90436
2.91973
2.2529
2.97184
1.87993
2.71695
2.04835
2.32456
1.195
1.41638
1.36626
2.46862
2.62316
1.82619
2.45588
2.0861
2.31699
2.55636
1.60583
2.07324
1.03836
2.15856
2.58069
3.1649
2.93896
3.13998
2.8612
0.990291
2.84927
1.80702
1.48029
2.44651
2.40725
1.18772
3.11143
1.37625
2.89088
2.80954
2.36936
1.24708
2.80501
2.99028
2.9602
2.99753
2.71689
1.69266
2.72698
2.71859
1.47508
3.20639
2.42641
2.02259
2.86317
1.98708
1.89693
2.72945
2.74248
1.90482
2.57018
1.79046
3.00297
2.63807
2.23498
3.00181
3.1501
2.19786
2.94923
2.13078
1.59959
1.91958
2.62317
1.18396
2.52439
2.70643
1.14095
1.56874
2.16523
2.18456
2.43353
2.86977
3.17203
2.42723
3.0014
1.59236
1.98803
3.08698
3.18752
2.0461
2.94971
3.06458
3.17899
2.97584
3.0242
1.09769
3.21248
1.73889
2.58466
2.86935
3.17143
2.96449
1.65019
2.62441
3.17229
3.06951
1.03485
3.06037
3.05963
2.33504
2.54223
3.05198
2.50478
1.94771
3.04748
2.86937
2.7415
2.88175
2.20406
3.18493
2.68769
2.81443
1.5563
2.34011
2.11982
3.12603
2.82997
1.72579
2.70432
1.9311
1.84907
2.94012
1.0697
2.31412
2.4638
1.10362
2.05008
3.01025
3.19921
2.84058
1.13799
1.98628
2.89337
2.91667
2.49024
2.23298
2.02545
2.73386
2.82785
1.90922
2.81439
1.68261
2.88142
2.95065
2.57673
2.78617
2.93003
3.22581
2.09727
2.4427
2.31031
3.01794
2.7197
2.85036
2.11294
1.98639
2.47966
2.97674
3.2066
3.15675
2.36803
2.84402
3.1106
1.2493
2.76409
1.91761
2.18278
3.08225
2.74238
2.86263
2.8532
1.14635
2.08346
2.24996
3.06035
2.56001
2.9686
3.08166
2.51652
2.87686
1.24444
3.0294
2.24516
2.8533
1.06366
2.51189
2.91206
3.21671
2.83034
1.86607
1.90975
1.10533
2.65142
2.00504
1.39169
2.27384
0.977628
3.17782
3.05692
2.72246
1.57853
2.9475
2.69303
2.88885
1.66796
2.98633
2.66973
1.94226
2.74909
0.99649
2.02844
3.06891
3.0357
2.89088
1.3922
2.63317
3.20636
1.54198
2.22856
2.09822
2.44187
3.07515
1.82638
2.00865
2.1909
3.04787
2.82752
1.35857
3.08313
2.50114
1.63495
3.01901
2.99115
2.90802
2.84685
2.55566
1.65538
2.33089
1.49222
2.78829
2.9747
1.075
3.14261
3.09927
1.8704
2.45624
2.24951
2.88187
1.96648
2.50487
2.39445
2.06583
2.88981
1.13448
1.42684
2.05761
2.61407
1.93744
3.18811
2.45958
2.60072
2.4817
3.03999
2.92063
3.13524
2.47187
2.4315
1.96259
2.54551
2.11855
3.12045
2.131
0.996362
2.02766
2.90459
2.22673
2.7032
2.90724
2.62791
1.22067
2.90857
2.50663
1.16018
2.38296
3.16993
3.19808
2.66087
2.83014
1.1741
2.15116
3.11023
2.28443
2.06481
1.52307
3.11296
2.25218
2.38405
2.19337
2.98007
3.05591
3.11846
2.95844
2.5294
1.56924
2.60056
2.12623
2.55418
2.24804
2.1189
2.12775
2.44932
2.51907
2.95366
3.18117
3.22229
2.47981
2.9659
2.46239
1.53223
3.08682
3.05233
2.65616
2.53742
2.85923
1.2229
2.57914
2.69156
3.13259
2.39152
2.47463
2.93648
1.85924
1.51794
3.1922
2.09617
2.13275
2.63772
3.17012
2.84465
2.12554
1.61397
1.70015
1.14098
2.90474
2.84637
2.72839
2.17248
2.83242
2.80616
2.96391
3.07827
3.12703
2.74586
2.16499
2.20167
1.93968
3.01024
2.0919
1.72012
1.92447
3.17008
2.39501
2.602
3.04336
2.10377
1.96269
2.51677
2.86604
3.22561
1.53097
2.12346
1.35964
2.6269
1.81247
2.20898
2.55618
1.15371
2.16973
2.80079
1.08639
3.02083
3.21592
1.34846
2.75545
1.76689
2.6606
2.018
2.47271
2.88838
2.26719
2.81465
1.9198
2.88765
2.999
3.04514
3.1048
1.05394
2.9186
2.74093
2.42158
2.47913
2.6456
1.34728
3.14393
2.87476
2.8935
1.04863
2.16602
2.52441
2.2014
0.973831
1.77399
2.88479
2.26084
2.68207
1.59516
2.57671
2.82793
3.09138
1.09032
2.86584
2.13467
2.6726
3.13247
1.79915
2.50477
2.65243
2.55837
2.18232
3.11293
3.13453
2.91583
1.52884
2.81009
1.77487
1.86019
2.82383
1.38307
2.44033
2.90183
2.56402
1.89974
3.11646
3.08034
2.0306
2.5799
2.25378
3.20508
2.73713
2.10093
1.26474
2.85456
2.46012
2.25727
2.95139
3.20071
2.94933
2.85661
2.95201
2.62845
2.90948
3.01089
3.15721
2.33099
2.97216
2.88619
1.13795
2.06575
3.07516
2.66681
1.48635
1.79394
3.0739
2.58426
2.59806
2.61358
3.02259
2.11997
3.09303
3.05099
1.71734
2.71353
2.42135
2.98026
1.19187
3.12856
2.36116
2.17771
1.86191
2.67506
2.41771
1.42739
2.56265
2.62426
3.09634
1.35648
3.08665
1.71046
2.01818
1.95094
1.19816
3.09196
2.46269
2.54106
2.26975
2.71947
2.24539
2.74334
2.94036
1.83875
2.33385
2.05603
2.66633
3.13112
2.58519
2.80711
3.19081
1.84734
1.06398
1.9129
2.64719
1.59873
2.1637
2.93078
2.76089
2.23122
2.54534
1.28835
2.91186
2.27143
2.26746
2.8089
2.88747
2.76417
3.15338
1.78975
3.19319
2.2172
2.92677
2.70746
2.68644
2.48337
2.09236
2.57002
2.56696
2.10839
2.78788
1.0218
1.28273
1.57593
1.71168
2.74721
2.32248
2.30422
2.60936
1.32006
2.76282
3.16171
3.19054
2.68687
1.37001
2.54081
2.14967
2.2238
3.04418
2.15288
2.83841
3.16214
1.74846
1.58856
2.04831
2.41661
2.95347
2.88036
3.20141
3.13129
3.09086
3.19565
1.04066
2.90993
1.99666
2.1205
1.06698
2.24026
2.9328
3.08748
2.65294
2.17
1.21658
3.19098
1.93708
3.19596
2.89941
2.87225
3.18269
3.10441
3.09674
2.73557
1.59355
2.586
2.08289
1.46211
1.12294
2.9231
2.64374
3.17616
1.76692
1.25997
2.90902
1.06311
2.71794
1.95928
3.20021
2.4799
1.98705
3.19938
3.23002
1.66258
2.73761
3.07285
3.04193
2.5232
3.13219
2.17047
2.56614
1.00991
3.13378
2.16539
2.269
2.60654
3.11626
1.52778
2.88713
1.15728
2.78813
2.54422
3.21117
3.04193
3.06136
3.13895
1.6201
2.86573
1.97666
2.90224
3.14531
2.04512
3.22635
3.02656
2.43523
2.95076
2.51797
2.74969
2.4689
2.83355
3.11186
1.10464
2.16334
3.14015
2.31823
3.02089
1.88121
3.0005
2.85877
2.45638
2.30701
3.04979
2.63336
2.68818
2.96172
3.17449
1.96483
3.06024
3.01337
2.29663
2.02611
2.63069
2.59585
3.10847
2.4416
3.14249
3.00367
1.30687
1.96975
2.87277
2.70863
2.68003
2.8817
1.73351
2.13433
2.07493
1.91411
2.82912
2.51273
2.78823
2.18135
3.05747
2.94023
2.30541
3.13958
3.165
2.93202
2.48388
2.86334
1.19143
2.01157
1.25801
1.05091
1.69383
2.76756
2.0119
2.26467
3.19101
2.72609
2.95898
3.08747
1.62368
1.58937
1.96412
1.75061
1.37621
2.15007
1.11008
3.13325
2.45632
2.7344
2.65245
2.97001
2.55783
2.53088
2.78008
2.71232
2.67746
1.26548
1.92167
2.78342
2.48707
1.73569
2.69236
2.72298
2.67199
1.8908
3.1351
2.95872
2.51955
1.60799
3.20706
3.17041
2.19205
3.10381
1.96977
2.08427
2.91528
3.05823
2.1034
2.40847
2.58087
2.8689
1.86955
3.20358
3.0065
2.69248
2.00517
3.03841
2.13465
2.94453
3.18316
2.8285
1.87815
2.72435
2.95409
2.34436
2.26937
3.03235
2.9652
3.12477
3.04381
2.82529
1.18181
1.52047
2.10468
1.44929
3.00435
3.17595
2.97855
1.91197
2.92977
3.20813
3.18136
3.11827
3.217
3.19797
1.9313
1.93594
2.12282
2.52939
1.64546
2.9749
3.11985
2.82023
3.02108
2.82385
1.91339
2.20964
3.10641
3.05868
2.24049
1.04217
2.01811
2.78209
2.49699
3.16439
2.22981
2.80697
3.23061
2.34358
2.24522
3.1096
3.14016
2.89405
2.1064
2.22951
2.99025
3.0083
2.46762
2.31487
3.13127
3.14316
2.61874
3.03018
1.48947
2.53775
2.90718
1.55693
3.19908
2.18971
1.47679
2.76452
1.27979
1.91452
2.25656
2.77539
2.05145
2.51557
3.19987
2.73978
2.94561
2.77376
1.03135
2.90241
1.06382
2.79762
1.15943
2.75105
2.77397
3.06952
2.97897
1.18249
2.32437
2.36562
2.19263
3.17535
1.68333
2.95084
2.84165
3.01722
2.79964
1.26946
1.44362
2.14965
1.98581
2.12791
2.47951
2.83374
2.25334
3.01068
1.4388
2.28706
2.87929
2.70156
2.19799
3.12641
2.84984
2.16507
1.60146
1.0264
2.43821
1.95932
1.41528
1.10556
2.51532
1.34669
2.08921
1.74182
2.48776
3.22755
2.67936
3.17625
2.63609
1.82084
2.43545
3.12351
3.07661
1.02772
2.58491
1.97312
2.98971
2.01043
3.01698
3.13053
2.87831
2.65744
2.45786
3.01326
1.41981
2.95637
1.85743
3.09461
3.06658
2.26456
2.253
2.62337
2.96646
3.0221
2.95495
2.07581
2.97225
3.16523
3.16292
2.20483
2.00784
2.55861
1.97295
2.77222
2.16961
3.00973
2.94813
2.74011
1.02347
3.056
3.01025
3.21608
2.35404
2.7142
1.24712
3.03008
2.80744
3.02482
2.2432
1.12009
1.84167
3.12551
3.19581
3.05127
1.84681
3.1175
2.57399
2.16429
1.95347
2.81566
2.60205
2.91048
2.56164
2.04529
2.39355
3.10485
3.16883
2.06485
3.20359
1.56422
2.17614
1.92626
2.29288
2.6457
2.19588
3.05726
2.76469
2.81437
1.73426
2.7145
1.16158
2.9617
3.21785
3.02157
2.06237
3.0913
2.54454
3.22127
1.48181
1.14816
2.07723
2.9535
1.32904
1.69768
1.87127
2.43652
1.0252
2.72247
2.71262
1.65429
3.04067
3.2069
1.77869
2.33862
3.21914
2.40276
2.03496
2.32892
2.50455
1.97287
2.96395
3.02647
2.58338
2.63101
3.2158
2.09867
2.80111
3.08822
2.42153
2.84961
2.89343
3.21226
2.74201
3.1303
2.91152
2.02984
2.03661
3.13091
2.43404
1.98008
2.55587
2.44154
1.02822
1.53705
2.52693
2.6617
2.65518
1.55305
1.2139
1.98221
3.16642
2.61591
3.17304
1.72166
2.44978
2.96028
2.70392
2.36154
2.94114
1.92033
2.29649
2.80365
1.9475
2.84256
2.56853
1.93873
2.72887
2.51292
1.92069
2.8445
3.09728
3.17732
2.77255
3.13654
2.35236
2.37297
2.82797
2.49373
2.05476
1.19936
2.88422
1.33954
2.29376
2.33873
2.15559
2.12785
3.102
1.49729
3.12294
1.99421
2.10004
1.92967
2.51357
1.6856
2.91774
3.04749
1.29284
3.14684
1.75967
2.77063
3.06064
2.51412
3.07594
2.43997
2.81337
3.06555
2.50864
1.84383
3.1921
2.78317
2.26537
2.92818
3.12282
1.44137
3.18624
1.89905
3.03925
3.1376
2.91813
2.52709
3.13354
2.4901
2.80953
2.89148
2.96777
2.149
2.88543
3.08578
2.10496
3.14978
2.97497
3.03554
2.16203
2.46525
2.42403
1.13382
2.19383
1.5593
1.77513
2.0188
2.82197
2.49684
3.20685
1.62545
1.14293
1.92609
3.0638
0.996124
2.97419
2.84613
2.73557
1.63072
3.06939
2.01362
2.37329
2.76365
2.65049
1.98723
3.19954
2.90381
2.21938
2.11825
2.83762
2.47301
2.58661
1.43718
2.99024
2.48231
1.33194
2.34394
2.44064
3.03481
0.969463
2.7092
1.4707
1.93901
1.89247
3.02288
2.34972
2.19629
2.53037
1.97529
2.70324
2.62928
2.8268
2.66766
2.8672
3.09532
1.80238
3.01042
2.98029
2.81279
3.18515
2.88472
1.15548
2.65774
2.5226
2.44765
0.952799
1.93971
2.12368
2.87378
2.47728
2.65709
1.33928
2.99538
3.16549
2.18484
2.73674
1.57144
2.62914
1.92325
2.343
3.13002
2.83709
2.70192
2.31387
2.94868
3.12763
3.01425
2.16218
2.42993
3.21979
2.18576
2.8519
1.56694
2.84422
3.06629
2.2319
2.24672
2.45188
2.95455
1.84153
2.55428
2.56379
2.40806
1.6209
2.21526
3.02146
2.1908
3.12452
3.08053
1.66742
2.31834
2.39476
1.66875
2.36459
2.66642
1.76861
3.18113
1.06157
2.31722
3.13059
3.1636
2.94424
3.07922
2.30212
3.21651
1.81665
1.19515
1.83726
2.0165
2.33586
2.86692
2.99329
1.91533
1.78787
2.79072
2.16029
2.81434
2.39889
1.10765
2.4165
2.84538
2.73674
2.16806
2.07937
3.22515
2.53296
2.77111
1.36841
2.95369
3.13979
3.15878
1.32722
1.03744
2.02589
2.56649
3.16279
2.82101
2.14183
2.47897
1.50208
1.34142
2.06827
3.03296
3.10098
1.6271
2.40068
2.33798
1.1938
1.87715
2.02489
0.969248
2.7824
2.05003
2.09779
2.36013
2.55692
3.13773
2.65319
3.12523
3.2224
3.01998
2.64876
3.16412
3.18325
1.10352
1.77106
2.24254
2.99011
3.19506
1.45615
2.09427
2.26541
2.97145
2.20922
2.66509
2.91801
3.09723
2.17497
1.0252
2.91522
2.02407
2.97006
2.66085
2.73857
3.1734
3.02596
3.14804
2.03928
3.00435
2.87724
2.387
2.37149
1.70389
1.77969
2.76084
2.90113
2.88707
3.05149
2.76113
2.60927
3.18274
2.99041
1.66603
2.85306
3.0546
3.20145
2.70073
2.60747
2.05839
3.16226
2.07833
2.21224
3.22828
2.98704
2.84997
2.16241
1.6809
3.06649
2.57257
2.77141
2.52224
2.27297
2.47722
2.98614
2.76047
3.16292
2.70462
2.9667
1.97838
2.30346
1.84402
2.28093
1.80406
2.35655
1.77358
2.85389
1.69632
2.6063
2.03301
2.13507
3.20926
2.55045
2.08951
2.89814
1.08589
2.69432
3.14231
2.70147
2.60181
3.19605
2.92457
2.40177
2.88683
2.38803
2.58668
3.12722
1.64345
2.01116
2.73031
1.78183
3.1281
2.28204
2.12262
3.199
2.65535
3.00829
3.00587
2.36673
1.26424
3.00967
2.99057
3.04243
2.90753
2.70263
2.2577
1.73835
2.71481
2.45412
3.15715
2.80352
2.3998
3.09858
2.66434
2.84779
1.1318
2.90172
3.00655
2.84233
3.08961
2.17495
1.8897
2.13557
2.78243
2.33471
2.46913
1.08652
2.83339
2.43298
3.05003
2.89076
2.29568
3.01404
2.60482
2.9163
3.14172
2.74592
1.17193
2.13549
3.05084
2.86882
2.84688
3.19294
2.51193
2.11422
3.21653
3.19915
1.8485
2.30353
2.42948
2.28248
2.66886
2.13125
3.17985
1.38297
2.7059
2.746
2.80086
2.15408
1.15016
1.95711
3.12815
1.80494
2.9649
3.19496
2.28231
0.924616
3.04185
3.04631
3.12629
2.05382
1.79894
1.01621
3.21287
1.39212
2.97987
3.2224
2.31758
2.59452
3.02986
2.90245
3.21356
2.54107
1.78066
2.34451
1.29315
1.35169
2.89513
3.14971
2.59683
2.40353
2.89911
2.11797
2.75147
2.25304
2.89597
1.96009
3.13018
2.15629
3.0596
1.98898
3.1347
3.22786
2.85093
1.26044
3.13224
2.17623
1.44059
2.13515
2.20518
2.08158
2.09791
2.82563
2.96667
2.26615
2.64924
2.72452
3.01061
3.19496
1.01803
3.06947
1.26523
3.08233
1.15315
3.06357
1.72027
2.46914
3.20771
2.64264
1.93268
2.09444
1.82771
2.97628
1.18267
2.65689
2.89077
2.48991
2.16344
3.20969
2.77079
1.09643
2.5565
2.05058
3.02706
1.90384
2.99899
3.21926
3.18546
3.13091
2.90302
2.81202
2.81269
3.08275
3.16156
2.88375
1.0528
2.94923
2.91427
2.62042
1.12866
1.16901
1.69948
2.92863
1.16452
1.80639
2.97387
1.81523
2.06019
2.11597
2.83401
1.18547
3.14797
2.99255
2.31539
2.12798
2.72666
1.87304
2.30314
2.80897
2.50695
2.84919
2.74019
1.95397
1.44248
2.15752
1.94842
2.60778
2.13634
2.64867
2.3981
2.57898
2.6031
2.76007
2.76164
2.79467
3.22177
2.97174
1.9851
0.899679
3.04363
2.70691
2.64318
2.72014
3.08239
2.81398
3.13731
1.81274
3.02068
2.89022
3.19408
2.41676
2.98376
2.27352
3.13127
2.87219
1.35076
3.0663
2.65747
2.58627
2.77802
1.44
3.19751
2.06712
2.6092
3.21889
2.49874
3.225
2.07453
2.4061
2.13997
3.04993
1.62808
2.09435
2.79891
2.46312
2.68532
3.19964
2.22985
2.8434
3.04313
2.94231
3.21467
1.04344
2.40543
2.4751
2.62077
2.23425
1.83261
2.88272
2.12943
2.97538
3.03419
1.38249
2.29083
2.78376
2.88184
2.77068
2.72971
2.2511
2.29447
1.92495
2.71178
3.22342
3.19362
1.13308
2.49145
2.47503
3.14959
3.06051
2.27493
1.11349
1.85292
1.49154
2.94297
1.23514
2.14665
2.5727
1.12971
3.15359
2.19008
1.04573
3.22946
2.401
2.84759
3.18594
1.96482
2.41547
2.05037
2.24969
2.74271
2.70181
1.56607
3.17563
2.70154
2.6638
1.27238
1.58389
1.01959
1.85994
2.28017
2.45048
1.50222
2.30034
2.64923
1.06129
3.21336
1.75735
2.6223
3.0391
2.69513
3.21419
3.0349
1.58537
2.09238
3.1071
3.09246
2.4502
2.58923
3.11041
1.98212
1.99362
2.78017
1.07433
2.06379
2.79947
2.29144
2.18862
2.93069
3.12076
2.26211
2.42399
2.97037
2.77337
2.27908
1.46008
1.03029
3.17706
2.32874
1.14821
1.70683
2.99852
2.92554
2.69377
2.03196
1.21235
2.64136
3.05475
3.16047
2.11331
2.84785
2.79232
3.15335
3.11581
1.99415
3.00083
2.86607
1.1799
2.37096
2.91377
3.2206
1.81382
2.45271
1.0703
2.85527
1.58147
2.95762
3.20905
1.28189
2.5557
1.6649
2.81543
1.38438
2.29114
1.78289
2.07746
2.62152
1.77327
2.43706
2.3343
2.0435
2.64534
2.85112
2.06343
2.38679
3.11401
2.9128
3.08014
2.18577
2.93411
2.68172
2.36376
1.91731
2.36994
2.74687
2.71777
2.07732
2.73339
2.53454
2.73182
2.82806
1.90935
2.51203
2.90056
1.21144
2.71076
3.0717
1.77676
2.86359
2.09724
2.16498
2.91155
2.16498
1.59195
3.16127
1.11173
2.64261
2.89492
2.53681
2.87255
2.94088
1.77675
2.32316
2.9538
3.12173
3.10363
2.26068
1.33278
3.20792
2.72106
1.56608
2.36679
2.59881
2.33709
1.0407
2.99198
2.38507
2.64554
2.70091
1.70385
2.21211
3.04542
3.20345
0.995985
3.07633
3.08756
1.93226
2.42745
2.35917
2.96849
2.75773
2.85815
3.08355
3.15598
2.47755
1.9565
2.6797
2.27622
1.85819
1.92119
3.14944
1.5602
2.66879
3.22642
2.49501
2.41241
2.61078
2.2697
1.73442
1.82585
2.81884
2.99553
2.9682
2.32442
2.89186
2.99139
1.94826
2.78071
3.09171
2.73895
2.50362
1.17532
3.15876
2.93657
2.09651
2.45932
1.13617
2.8146
2.02892
2.04946
2.90705
2.85769
3.05013
2.63826
3.09266
2.54304
1.26806
2.97682
2.65999
1.55993
2.86363
1.32351
1.73871
1.02407
1.96833
3.22629
2.83321
3.02607
3.03414
1.49211
2.89284
2.85482
3.19644
3.01094
2.32191
3.19325
2.02953
2.69503
2.00341
2.58186
2.83242
2.95937
2.49882
1.91003
2.38057
1.34029
2.02036
2.32807
2.88159
1.98921
2.35962
0.947678
2.15532
2.31735
2.87058
2.45754
2.87876
2.98038
3.02881
1.31814
2.80441
3.17284
2.87588
2.51333
2.36557
2.95149
2.45646
1.89032
3.20916
3.16668
2.4981
2.53005
1.50467
3.00101
2.22171
2.97276
1.11077
1.97287
2.97978
2.95056
1.19443
2.76367
2.79369
2.64202
2.45308
2.95321
1.78832
3.12448
1.0428
3.15072
2.17341
1.69017
2.17279
3.06722
2.10653
1.54052
1.90105
2.99801
2.84966
2.52373
3.08523
3.18997
2.61589
2.63533
3.11582
2.91663
1.86716
3.09706
3.06019
2.18061
2.6596
3.17148
1.99289
2.39854
1.95134
2.27293
2.91086
3.05741
1.84643
2.68717
1.79942
1.05078
2.72457
2.86726
3.0241
1.2172
2.88665
2.65467
1.91126
2.70306
1.40044
2.26819
2.40653
3.05099
2.49745
2.20447
2.20363
3.01142
2.92954
2.02871
2.79921
2.91125
1.75277
2.90526
2.31273
2.31077
1.04803
3.08546
1.26276
2.91334
3.17433
2.8697
2.71043
2.12975
3.20811
2.23567
2.71342
2.72478
2.87615
1.12036
2.65143
2.38131
2.92955
3.20561
3.18823
2.91309
2.0395
2.34859
2.63639
2.73656
2.74884
1.80136
2.43274
2.53736
2.85499
2.99011
2.29727
2.22852
2.99477
2.9173
2.86327
2.39227
2.55785
2.63341
3.05971
3.21365
3.14867
3.03111
1.42015
2.70747
1.98056
2.9651
2.01727
1.41584
1.85519
2.97885
2.2451
2.05672
3.11481
1.69554
1.69248
2.0944
1.02496
2.64006
2.73941
2.33975
1.2299
2.81972
1.78371
1.07133
2.76999
2.22256
2.09891
2.46039
1.63283
2.02536
3.16185
2.55342
2.90995
3.00474
2.86771
2.62034
2.92215
3.02668
2.51686
2.05552
2.91865
1.91589
3.05853
2.65192
1.99931
3.08133
0.971691
2.97921
2.71423
1.33086
2.21451
2.51509
1.9996
2.18057
2.33216
2.95708
2.85511
3.19295
3.18948
1.15454
1.1403
3.1258
2.69215
3.09229
2.283
1.04561
3.19729
2.94082
3.03674
1.26625
2.23897
2.97936
1.61615
2.06243
2.92136
3.20781
2.28821
3.13703
1.80683
2.35509
2.1401
3.16529
2.77221
1.12433
1.16358
3.07003
2.00494
2.01527
1.03934
2.99465
2.97045
2.86094
3.04954
2.51916
2.36134
2.61122
2.33422
2.89035
2.75865
2.8997
2.30042
2.11089
2.99364
2.24402
3.07061
1.19178
2.1516
3.02464
1.81575
1.02236
2.62855
2.75438
1.90244
2.08412
2.14984
1.88724
1.98282
3.06331
1.81932
1.81015
3.10408
2.29985
2.66646
2.89499
2.03797
2.84097
2.817
2.32597
2.75097
2.45057
2.22198
2.77531
2.99265
2.88781
3.13731
2.91431
3.14222
2.72924
1.72895
1.54735
2.68273
1.16769
1.84748
2.70458
3.00086
2.3042
3.12992
2.61003
3.20411
2.75625
1.79788
2.22758
3.11478
3.21798
2.37667
1.18613
2.54602
2.95817
2.78481
3.17812
2.64801
1.73233
2.00081
1.72216
2.71928
1.83118
2.60203
3.0713
2.67712
3.08906
2.92421
2.06123
2.13464
2.66545
2.72083
1.44804
2.85382
1.05647
1.98986
2.25837
2.24584
2.9803
2.55336
1.05328
3.22261
2.58459
3.08501
2.95122
2.03983
2.4126
1.64803
2.10675
2.69571
2.44752
3.12068
2.80684
2.54128
2.05652
2.77703
3.15426
1.1242
2.86579
2.91162
1.93443
1.32334
2.48929
2.9806
2.8486
3.03588
3.03568
1.08287
2.97213
3.18178
1.36967
3.21771
3.02011
2.42818
2.76901
2.86663
3.15347
1.50105
2.09469
1.97924
2.72178
1.82221
2.29257
2.06676
2.70926
1.19112
1.47453
3.18146
1.69217
3.00366
3.12909
2.96962
1.67054
2.47971
2.90101
1.85618
2.56121
2.27709
2.99259
2.38121
1.82721
2.71068
2.76761
1.71234
2.24246
2.22135
2.60278
1.21234
2.86572
2.98888
1.74738
2.83401
3.15529
2.6915
2.74498
3.22775
3.04897
2.24652
2.16937
2.20449
2.98027
3.2002
2.89463
3.10102
2.92209
2.67867
2.1421
2.25358
1.79745
2.91147
1.6502
2.62234
3.03017
2.67655
2.88297
1.29596
2.40012
2.31996
2.79396
3.04839
2.19289
1.26717
2.13924
3.03041
2.46765
2.77558
3.1392
1.86449
1.09597
1.7503
1.92537
2.25656
3.17063
1.51806
2.95273
2.95662
2.87843
2.08953
2.274
3.15291
2.99787
2.10817
2.96877
3.12739
2.44334
3.17186
3.07652
1.75701
2.61087
1.01884
2.3548
2.88896
3.002
3.21473
3.20992
2.09814
1.79941
2.40446
1.57357
2.91837
2.38808
3.1906
2.47062
1.89397
2.62046
3.18199
2.19914
2.84844
1.21631
3.09143
2.59697
2.86703
1.58475
2.09508
2.84789
3.12634
2.9728
1.23734
2.36782
2.82832
2.75354
2.32297
1.86075
2.51113
2.74231
2.69924
1.10694
1.98733
3.19767
1.94292
3.06392
1.17636
2.80211
2.61763
3.01006
1.69231
3.22589
2.95725
2.28543
2.15733
2.47416
3.18264
2.78398
2.85696
2.45916
2.70109
2.89194
2.72259
2.66808
2.28387
2.29492
2.55387
3.16942
1.91936
3.20733
1.84776
1.11569
3.1829
2.51252
3.07553
2.28608
1.97403
1.54064
2.42029
2.49089
3.13421
2.61524
2.49572
1.79066
2.98301
2.5426
1.67935
2.74263
3.09735
3.1657
2.30082
2.04138
1.72616
3.1194
2.16693
1.81143
2.8779
1.12869
2.68996
3.03784
2.42284
1.70665
1.01962
2.87518
2.47466
2.9992
1.9165
2.98669
1.41363
2.3451
2.46347
2.25227
2.03459
2.83887
2.9328
2.67281
2.2821
2.17285
3.02714
1.28829
3.17202
2.6589
2.46558
2.2949
3.21725
1.73164
1.14675
2.10295
2.46367
2.83875
2.03174
2.74451
2.15984
2.86483
1.70048
2.64395
2.98904
3.1416
3.02389
3.12716
2.90749
1.90824
3.15508
2.61728
2.85832
2.03282
2.15254
2.90095
2.66129
3.16883
2.59059
2.72747
2.90781
2.95118
3.01376
2.5699
3.00118
2.80779
1.87398
2.9719
1.03789
1.26175
2.96729
1.72948
3.03935
2.29303
1.82069
3.09019
1.85564
3.12317
2.81318
2.02132
2.54665
3.15115
1.9731
2.9515
3.12227
2.94755
1.561
3.0174
3.16331
2.92806
2.30657
2.72908
3.20371
1.92621
1.56256
2.99246
3.11128
2.50632
1.02434
2.67317
1.91932
2.80899
2.86997
1.8568
2.93908
2.84599
1.98441
2.29194
2.96263
1.55502
2.78873
1.96419
2.16394
3.09186
2.52318
1.61088
3.16696
2.60047
2.97
1.51904
3.16272
2.59349
1.76129
1.14204
2.5486
2.78231
3.02064
3.19513
2.43603
3.03837
1.60423
2.58504
2.89065
2.62877
2.10377
1.62253
1.77089
1.29541
2.3981
2.53109
1.69069
0.990211
3.04216
2.62069
2.0856
2.6025
2.72622
3.03186
3.09975
2.04509
2.05648
3.08038
2.92946
3.20138
3.07934
1.27926
1.91702
1.11057
2.49535
2.01968
1.74031
2.48103
1.79261
2.36555
1.28174
2.65193
2.13527
3.03781
2.04055
3.23134
1.13968
2.9908
1.60105
2.84217
2.47244
2.03787
2.26415
3.10428
3.10296
3.13163
3.00519
2.8029
1.95122
2.27009
2.778
2.8401
2.85042
2.72313
1.94138
2.2352
1.36599
3.0343
2.52785
2.21575
3.21592
2.79826
1.94953
2.67744
2.40255
2.04075
2.3264
3.10173
2.91272
2.78793
2.19797
1.92687
2.29457
1.27253
2.95845
1.6805
2.95411
2.43102
2.98475
3.03399
2.97463
3.16152
2.48831
2.02196
1.50234
3.03631
2.21303
2.63712
3.14059
2.72748
2.97715
2.40975
2.37143
3.0244
2.83705
1.40575
2.9716
3.02096
3.20672
2.27424
1.66359
1.31573
2.85667
1.37808
1.75
1.40651
2.3029
2.29388
2.20746
3.18435
2.49545
2.99711
2.98444
2.56622
3.14341
2.22248
3.04625
1.96799
3.1163
1.72131
2.87258
3.17969
3.10323
3.08392
2.36208
1.06331
3.19272
3.17956
2.77441
3.06715
2.47067
2.75436
1.70388
2.67381
2.886
2.52938
2.19219
1.36928
3.21778
2.76623
2.42437
2.61851
1.26377
1.77911
2.92996
2.04667
2.16712
1.70465
2.31521
2.62422
2.81499
2.65661
2.92959
1.06138
3.05832
1.97048
3.13322
2.66025
2.12388
2.06709
3.14666
3.1736
2.76776
2.73335
1.84063
2.5096
2.86176
2.65433
2.99479
2.00628
2.72281
2.25175
2.883
3.11807
3.04548
2.6066
2.54384
2.94478
2.19235
1.83466
2.17721
2.90309
1.90864
2.81173
2.65988
3.12366
2.26666
0.984792
1.42346
2.43586
2.71492
2.6397
3.11219
2.57465
3.13005
2.58841
1.09652
2.53046
2.72917
2.55511
2.7682
2.42544
1.84605
1.12082
2.88216
3.08748
2.94005
2.57624
2.63162
1.12851
2.1765
2.27919
1.09328
2.93121
1.60438
2.81962
1.71871
2.92595
2.83282
2.99395
1.42753
2.64947
2.97598
3.04121
1.53113
2.43275
2.92449
2.39306
2.5237
1.52921
2.91855
1.82466
2.79943
1.52968
2.45915
3.03033
2.35348
3.1701
2.28002
2.01953
2.7156
2.09292
2.64326
3.06429
3.13755
1.97344
3.07899
2.43237
3.17813
1.03295
2.67452
2.63093
2.89097
2.25699
3.20349
3.1946
2.497
1.77127
1.55134
2.68473
3.10738
3.18957
2.11634
2.76877
2.35515
2.80474
0.963275
1.09701
1.04108
3.19268
2.85418
3.10205
3.21673
1.82217
2.60908
2.98925
3.08592
2.3571
2.95414
2.78435
2.59165
1.68447
1.07577
2.63084
2.53838
2.30604
3.05763
1.91752
1.9949
2.28973
1.68401
2.26851
2.49646
1.00629
2.71097
2.69263
2.1554
2.9684
1.17308
2.94188
2.48344
2.48025
1.2293
2.70931
2.17332
1.1362
2.65219
3.14442
1.7148
2.93848
3.0598
2.51907
2.48084
2.72946
2.83063
2.99195
2.63732
3.14719
3.212
2.50461
2.26173
1.08887
2.79641
3.12608
2.9871
3.21866
2.49877
3.01335
2.44759
1.97657
2.93693
2.44083
2.05968
3.07675
2.18361
1.9406
1.20489
3.17795
3.06168
2.53731
2.6647
3.04481
1.98682
2.63603
3.18846
2.84989
3.12467
2.35983
1.48081
1.09049
1.86877
3.16514
2.34252
2.44542
1.18941
2.74675
2.91138
2.15488
1.7584
3.00652
2.76043
1.30324
3.03686
2.08664
2.74109
2.71098
3.15644
1.11557
2.07375
1.66206
1.52005
2.78287
3.01558
2.69786
3.21086
1.17968
3.06931
2.38334
1.85142
2.30428
2.83516
2.95465
2.37792
1.85375
2.65364
3.06458
3.0357
3.09223
1.39344
2.59381
1.69389
1.77379
1.747
1.97476
2.67126
2.77377
2.29826
3.02752
2.67905
3.02116
2.96826
1.5463
3.20572
2.99186
1.61052
2.41749
2.3733
2.95456
2.71446
1.65354
3.20237
2.27593
3.07811
2.51827
1.09817
2.55362
2.56249
1.3822
2.16582
1.90813
1.90421
2.93099
2.96869
2.77212
3.19249
2.15481
2.73731
2.62304
2.43701
1.52126
2.6442
1.81677
3.23113
1.9242
2.1548
2.93373
2.48463
2.5935
2.39501
3.21572
3.03861
2.38781
2.60385
2.39473
3.15662
2.06057
2.04337
2.30577
1.44753
2.11132
3.19123
3.01629
2.29693
2.13217
2.28637
2.61892
2.37448
2.93875
2.35828
2.6764
3.02591
3.13471
2.74677
2.98156
2.31574
2.31597
3.04597
1.71624
1.00155
3.12195
1.28015
3.06197
1.52499
2.33496
3.06832
1.31446
3.02289
3.16225
2.73198
2.7386
1.71572
2.36498
1.78127
3.09142
1.69845
2.96204
3.15694
2.944
2.40495
2.99123
2.07111
2.68314
2.06763
2.37032
2.25377
1.88703
2.26918
1.81499
1.86628
2.92349
1.20646
3.0074
2.699
2.70907
2.43572
1.46901
2.58654
3.03188
3.17258
1.47159
2.01997
1.80845
1.96993
2.95069
3.01278
2.01655
2.17689
1.40136
2.03692
2.92386
1.04583
2.76564
2.95129
2.74481
3.06892
3.19527
2.65301
2.28349
3.04613
2.79217
2.51528
3.1165
2.08817
3.10912
2.89506
1.07187
2.11326
3.11601
3.10506
1.67495
2.45711
2.8553
2.0209
1.94561
2.86264
3.0782
1.86741
3.03487
1.07492
2.73692
2.87995
2.55172
2.79426
1.96375
2.26146
2.44517
1.76959
2.14084
2.83186
2.62791
2.75562
1.12353
2.24101
2.86814
3.00387
1.4301
1.7181
2.66987
2.69166
1.08984
2.9325
2.47857
2.68123
2.20251
2.97323
2.18891
1.50461
2.96752
3.03829
2.28607
2.71936
1.64402
3.18219
2.59498
2.37824
1.86833
1.76837
1.80731
2.91437
2.05542
3.07067
2.70139
1.90816
3.15059
2.06307
3.20686
2.79825
3.19035
1.78489
3.22697
1.86944
2.12861
2.02948
1.62959
1.94049
1.87577
2.46989
2.82494
1.70533
2.67271
3.11057
0.981498
2.63934
3.04544
1.28208
2.24897
3.0203
3.01552
3.02474
2.94341
2.49485
2.32457
2.38109
1.94282
3.12351
2.14343
3.01337
2.59734
2.70769
3.12667
2.90435
2.34767
2.10998
1.06423
2.98628
2.51935
1.37728
1.72901
3.06266
2.32132
3.14824
1.41104
2.83314
2.98225
2.98798
2.31539
3.06223
2.77667
2.2462
1.76931
1.92263
3.22624
3.1448
2.20112
2.18578
1.04679
2.82377
1.93195
3.20186
2.22594
1.87209
1.35807
2.52061
1.88176
3.10748
2.89107
2.14602
2.74205
2.34401
2.67265
1.19234
2.69685
2.01636
1.34247
1.85322
1.19263
2.12039
2.06563
3.06261
3.09864
3.04709
2.28696
3.23147
2.3994
2.07694
1.36839
1.13903
2.6482
1.99725
2.04146
2.70963
2.24777
2.47424
1.11272
2.93666
3.05356
2.08345
2.77983
2.79146
3.12803
3.07958
2.46647
2.34188
3.16591
2.19955
3.17844
2.58361
1.35466
2.29304
2.99882
3.19556
2.8141
2.79075
2.61848
3.17801
2.83479
1.5669
2.70669
2.25759
3.1468
2.26136
2.56418
1.83574
2.80205
2.71742
2.46479
3.19467
1.4898
2.2177
1.32357
3.16102
2.72402
2.16241
2.78247
2.31556
2.12298
2.97214
2.46686
2.77532
2.62621
1.04093
2.65342
1.64841
2.32836
2.49036
2.84435
1.67991
1.14259
2.92655
2.95399
1.02414
2.10285
2.46505
2.99569
3.04841
2.94758
2.42861
1.88505
2.68526
2.07526
2.57357
1.90253
2.05123
2.63639
2.23003
3.01702
2.14388
2.61936
2.05642
2.9431
1.04958
2.92941
1.84968
2.55866
2.86112
1.07107
2.98166
1.99095
1.64841
2.82943
3.16646
2.92842
2.66646
2.33475
1.90762
2.50704
1.90604
3.17562
3.17693
3.09651
2.66768
1.83273
1.9325
2.61399
2.91558
3.03313
3.09403
0.89862
3.07212
2.91474
2.06119
3.06226
3.21607
2.33473
3.0648
2.88795
3.15858
2.2128
2.73124
2.34477
2.87398
3.20938
2.0637
2.30694
2.33075
2.91208
2.53414
3.07343
2.90142
2.77684
3.03564
2.54405
2.53037
1.84467
2.92709
2.84262
1.81207
2.85897
3.02201
1.63207
1.85465
3.05593
3.14914
3.18138
2.86732
2.66839
3.03241
1.07332
1.72568
3.17372
3.12764
3.02774
1.63294
3.01575
2.4019
0.913653
1.79079
2.3204
3.07565
2.39208
2.657
2.2514
2.22382
2.17701
3.07421
2.66609
2.16267
3.13352
1.23597
2.1348
2.76664
2.90322
0.998299
3.00065
2.6635
2.62897
1.17761
2.37415
2.7731
2.8033
2.05242
2.80061
1.82952
2.49202
2.5946
1.73744
2.72997
2.12769
2.04231
1.92865
2.84121
1.89031
2.56632
2.8291
3.17694
2.3027
3.20475
2.83243
2.37522
2.89093
3.05056
1.69879
2.59069
1.02591
2.74654
2.46305
1.07445
2.5069
2.33614
2.03069
3.05004
3.14893
2.98055
3.00565
2.81866
2.25145
2.24381
1.27556
2.96741
1.72834
1.01698
2.59191
2.46802
2.7363
2.96546
3.20111
2.93664
2.59128
2.69339
3.06811
3.1568
2.10274
2.82262
2.30326
3.21186
3.15669
2.73439
2.92645
2.86962
2.03111
2.30285
2.75279
1.24967
3.1461
1.80448
2.18044
2.95778
1.8493
3.12434
1.93937
1.97326
2.97445
1.20448
3.13357
2.14336
2.17569
2.89478
2.52233
2.31701
2.50174
2.60723
2.92015
1.1029
1.12059
1.10048
3.1285
3.06905
2.81588
3.22861
1.87057
2.20371
2.51535
2.21844
2.52677
2.89831
1.05328
2.65845
2.9829
2.21687
2.73919
2.64286
2.83051
1.94687
3.08849
1.98877
1.08458
2.74153
1.12735
1.09769
1.15609
2.30795
1.92604
2.96765
2.72042
1.8894
3.16586
1.93714
2.52146
2.28928
3.13351
2.20802
2.65005
2.08681
3.02889
2.18658
2.38401
2.44246
2.6306
2.1697
1.42329
1.92811
2.7141
3.11282
2.9868
3.21177
3.13745
2.46847
2.89509
2.97286
1.27863
2.86823
3.08127
1.84596
3.19986
3.18586
3.19891
2.47837
3.14947
1.37333
2.61796
2.76144
3.22069
2.20006
2.25701
3.12766
2.42245
2.31181
3.14003
1.87046
2.75263
3.22873
2.11154
2.69759
2.08423
2.41098
2.34434
2.76266
2.13738
1.51199
1.34613
3.12773
2.76336
1.67735
3.15597
1.20914
2.79662
1.55793
2.84905
2.16437
2.99701
2.53198
1.69031
2.38887
2.31745
3.00962
1.67427
2.27445
2.80215
2.72795
2.03067
1.80967
2.73215
2.69035
2.62567
2.22899
2.91396
1.19852
3.07479
2.34851
2.84651
2.28879
2.94147
2.16184
2.23666
2.47926
2.31123
3.1294
1.47514
2.1514
1.25876
3.18102
1.19528
2.67012
2.98374
2.3082
2.75895
2.46484
2.7009
2.22664
2.80928
2.02745
3.08782
2.31038
3.01195
1.08494
2.23918
2.94158
2.03989
3.08959
3.1101
2.74535
2.57405
3.0539
2.39645
2.97897
2.18559
3.16333
2.27251
1.16468
1.3325
2.03384
2.49939
1.63932
1.29208
3.06607
2.76265
2.69218
1.99093
3.13999
2.32697
2.83652
1.96732
1.3391
2.97003
0.998281
3.09981
3.09544
2.46914
3.0148
2.08524
2.42635
1.14567
3.16869
1.04575
2.74748
2.66117
1.92776
3.19056
2.92568
1.29166
1.78626
3.12607
2.76347
3.07473
2.89219
3.11395
2.27448
2.95252
2.97119
2.42049
1.0297
3.06302
2.72711
2.79103
1.0173
2.74176
2.05026
2.8576
2.77675
2.00017
3.17352
2.20476
1.87147
2.76815
1.75261
3.22733
2.93141
3.19079
3.1056
2.14155
1.773
1.40958
2.62662
3.19481
2.95157
3.10943
1.04284
2.8838
2.89323
3.15974
2.83024
3.09855
2.98681
2.81296
3.11013
1.84208
2.12998
3.12711
2.9108
2.31415
1.05053
3.11699
2.90415
2.63092
2.11126
2.07919
2.60386
1.89738
2.35397
1.82074
2.9465
2.80179
2.09866
2.51472
2.44441
3.03714
1.8779
2.82851
2.87619
2.89189
1.68237
3.16754
2.4096
2.78272
2.5169
1.08873
3.18969
1.3664
1.14138
2.8359
1.51383
2.05665
2.86352
1.08328
2.82256
2.73866
1.94485
1.90426
1.70424
3.22708
1.76982
2.96511
3.0154
2.28516
2.26313
2.7441
2.76181
2.76334
1.7831
2.97709
2.27734
1.97531
2.89343
1.17252
2.10096
2.79823
1.43114
3.15159
2.99637
2.28518
3.14108
2.90111
1.05949
1.15562
2.37266
2.21903
1.89139
3.15349
3.12685
1.39533
2.97407
2.13577
1.05946
2.15652
2.02642
2.39829
2.82672
3.20355
2.57342
2.58109
1.06733
2.73265
2.41473
2.22882
2.58059
3.05266
2.7012
1.38604
3.21029
2.52646
2.92439
2.82733
2.65021
1.02322
2.26055
2.80044
2.33678
2.97434
3.16248
2.02034
3.20027
3.15924
2.9707
1.94388
3.22331
3.0632
1.54283
2.86966
3.06373
2.1365
1.49645
2.99844
2.04602
2.19968
3.14001
1.97326
2.96794
2.16002
2.8484
2.6457
3.04768
1.76032
2.81077
3.22582
1.36059
1.23577
2.62671
3.19654
2.9271
2.96951
3.15847
2.02931
2.91044
2.66179
2.46874
2.53739
1.19293
2.60853
3.22012
2.28138
1.97487
2.75027
2.65302
2.34567
2.39966
2.75244
2.86502
2.54916
3.03937
3.07801
2.24113
1.28866
2.03381
3.03193
2.27371
3.12314
2.95804
2.22025
2.60333
2.1587
1.13279
2.26861
2.69501
2.80252
1.56302
3.20635
2.41461
2.10836
2.0769
1.13565
2.81777
3.08757
2.8602
1.41162
2.46261
1.85306
1.11888
2.20057
2.14362
1.04108
3.12983
2.70268
3.07726
3.04532
2.62395
2.88269
2.28296
2.59718
2.8606
2.13233
2.95451
2.70648
3.06839
2.78278
2.76144
1.0617
2.11678
1.69104
2.93187
3.09393
2.7633
1.75231
1.21359
2.71205
1.13092
2.3864
2.82293
3.04688
2.61862
2.19476
2.50359
3.11941
1.64542
2.98196
2.48246
2.82122
2.98733
3.22761
3.10843
2.06419
3.22479
1.80004
3.05266
2.73161
2.50352
2.06444
2.73648
1.18598
2.49857
2.58357
2.06546
2.90774
2.16601
2.61911
2.62783
2.13034
2.80652
2.93262
1.74574
2.2714
2.56617
2.73461
3.09757
2.40437
3.12628
3.09135
2.92085
2.90974
1.31746
2.20285
1.2962
1.97828
1.71698
2.31033
2.0766
2.74853
3.21441
2.66764
3.09314
2.44676
2.94629
3.17154
2.12645
2.47141
3.1758
1.76899
1.87098
2.45924
2.82692
2.76569
1.72782
2.58779
1.98013
1.3816
1.66391
3.11526
2.42171
1.34275
2.59682
2.84437
2.63336
2.29841
1.86906
2.84359
2.69605
2.93695
1.73785
2.68866
2.39466
1.35016
2.43038
3.21504
2.95897
3.02805
2.38516
3.21666
2.10125
2.34718
3.17181
1.54074
1.91892
2.98767
2.4688
2.20964
1.80312
3.16388
3.06152
2.28731
2.1177
2.32244
2.47521
2.87732
2.18019
2.41504
2.48797
2.49389
2.82976
2.41558
3.07702
3.18835
2.77075
1.23124
2.13465
2.82333
2.78575
2.72666
2.35452
2.23788
1.18066
2.78221
2.57397
2.14661
0.929614
1.93717
1.56955
1.57026
2.96859
1.92797
1.84578
2.4934
3.04222
1.40391
2.77309
2.92931
2.85404
2.98313
1.21554
3.13721
3.12023
2.17708
2.32857
2.48836
2.34941
2.7488
2.32914
2.20045
3.06492
2.95732
2.59646
1.45622
0.945523
2.87236
3.2099
2.33603
2.31909
2.77079
2.14618
3.21567
2.66375
2.28679
2.11994
2.11807
1.54844
3.02362
2.61096
2.53523
1.42646
1.65176
3.09298
2.08419
1.25177
2.61576
2.76321
2.72834
2.74214
3.04151
3.02308
1.69317
2.48759
2.53638
3.11466
3.11021
2.93211
1.76027
3.20623
2.3475
2.51366
2.27655
2.90893
1.70971
2.80775
2.00154
2.20303
2.50054
2.12043
1.96896
2.31147
1.07382
1.78361
2.9355
1.85792
3.08619
3.11537
1.9523
2.93166
3.05315
2.87682
3.12309
2.30062
1.83472
2.99704
2.67921
2.74318
0.986393
2.25946
1.41378
2.34441
1.00302
2.23771
3.06256
1.36734
2.49212
2.99576
2.80856
3.18032
3.1883
2.66474
3.20607
2.41984
1.75212
2.62857
2.33192
2.36596
3.0928
2.46218
3.11204
2.20472
3.10364
3.06593
3.09314
1.42405
3.12775
2.64352
2.81846
1.15011
1.95673
2.88859
2.82884
1.88611
2.89809
2.6326
2.7323
2.42266
1.51499
2.88012
2.90658
3.08474
2.10091
2.74507
3.04639
1.89499
3.03132
1.34597
2.57214
2.49431
3.0268
2.70074
1.51864
2.12038
3.11298
2.96068
2.6731
3.00957
1.35379
1.95782
1.24235
1.07781
2.27732
2.17301
2.97219
1.08382
1.3236
2.45187
3.02532
3.06076
2.96676
2.27235
2.2372
2.88053
2.45404
2.81049
3.18998
2.95061
1.2483
2.59631
1.76106
3.2293
3.01719
3.20416
1.80408
2.93655
2.67016
2.1014
1.61812
2.09727
1.94093
2.27419
3.16204
2.9284
2.25687
2.30417
2.51552
1.19206
2.48157
1.89026
1.49562
2.7959
3.0785
3.21723
2.76071
2.82994
3.059
2.19208
1.87828
2.26962
2.19287
3.10198
2.73142
3.0585
1.1243
2.62554
3.09933
2.60803
1.94605
2.494
3.00494
1.86682
1.29062
3.2071
1.88909
3.00217
1.87346
2.46889
1.72699
3.11546
1.70714
3.09709
2.70148
2.59622
3.20695
2.75023
2.15264
1.92867
2.3326
1.67196
2.78794
0.979319
2.35263
2.3707
2.23083
2.42849
1.91539
2.98072
2.94586
1.69066
2.29981
1.99413
1.86931
2.67694
2.54216
2.97821
2.72092
3.11958
2.05161
1.9637
2.0772
2.67344
3.16045
2.84104
2.88285
1.01617
2.77424
2.96026
2.58963
3.22283
2.61391
1.8596
2.36483
3.20664
1.62293
2.88987
2.7964
2.82297
1.09284
2.99954
3.11079
2.69443
2.77915
1.49779
3.01326
2.87331
2.05223
2.92949
2.61153
1.97856
2.65243
2.50432
3.20208
3.04862
2.7135
2.94593
2.01369
2.3364
2.17372
2.89688
2.9467
2.20913
2.9168
2.99717
1.99179
2.98727
3.09562
3.20915
2.40485
1.48243
1.15659
2.31463
3.09475
2.9187
3.13191
1.10604
1.38886
2.54124
2.89572
1.12984
3.11645
2.56927
2.23885
3.11767
2.50902
1.6413
3.14031
2.26382
2.31015
2.69024
2.52821
2.61046
2.78763
2.06517
2.9391
3.04827
3.12431
2.84715
1.16901
1.07766
2.53355
2.48052
2.92965
2.00916
2.23096
1.51657
1.82139
2.95817
2.88172
2.99392
2.86694
2.06098
1.66156
1.915
3.04332
3.21035
2.92184
2.06549
3.22072
2.9259
2.93734
2.78745
3.1358
2.93696
3.04556
2.37376
2.26356
2.75433
2.3937
1.95649
3.03858
2.41835
1.99112
2.15974
2.82654
2.2066
2.91545
2.94607
2.89217
1.24497
2.23069
2.67836
1.91152
2.16146
2.22654
3.00456
2.98929
2.31572
1.61826
1.44684
1.20974
2.6958
2.64533
2.61382
2.94518
3.20858
1.85267
2.08435
1.51499
1.59046
3.09904
2.85094
2.51963
1.14273
1.86784
2.76436
3.15569
2.57227
2.45411
3.02929
3.13304
3.1809
2.20656
1.00543
2.97689
1.65908
1.42086
3.02518
1.92082
3.14795
2.76903
2.43373
2.7405
2.3542
1.34034
2.70273
2.40855
2.97311
2.17314
2.37769
2.74986
3.15934
2.51974
3.07859
3.12989
2.55712
2.92969
1.04138
2.92569
1.98203
1.91239
2.94911
2.94683
3.10427
1.9215
2.44512
1.75898
2.11258
2.03444
2.17931
2.62151
2.77126
2.42847
2.6689
1.08089
2.78119
2.6852
1.03332
2.57834
2.61935
2.6419
2.08133
1.98676
2.42306
2.31069
3.10672
3.16081
2.33776
1.25738
1.15072
2.57498
2.67273
3.1456
2.71138
1.38084
0.960212
2.56049
2.0901
3.05402
2.04068
2.71684
3.02213
3.21007
2.08319
2.2199
2.87025
1.5371
3.13894
1.68562
2.11396
1.93076
3.00488
3.06609
3.2006
2.48103
3.13765
3.15513
1.74615
2.84947
2.14487
2.71908
2.92468
2.77894
2.96082
1.89777
2.20066
2.66364
2.22714
2.44198
2.73269
1.35083
2.69285
3.06928
2.52317
2.28763
2.71525
2.06155
2.2751
1.17755
1.81509
1.14948
3.20582
3.00604
2.5646
1.03611
3.12133
2.58532
2.927
2.64881
2.64524
2.82691
2.87626
3.10034
2.02423
1.59211
2.02625
2.06527
1.27556
2.58422
3.20136
2.38
3.07035
2.15355
3.1876
2.78942
1.14143
2.97256
1.12079
3.11413
3.00366
3.1396
3.20085
2.47343
2.04626
2.88215
2.14127
3.02053
1.40315
2.02723
1.71006
2.5312
2.64555
2.41353
2.86135
1.53789
2.2523
3.09315
2.03539
2.28482
2.48197
1.68575
2.85554
2.29949
2.71156
2.28655
2.25053
1.3959
2.64517
2.5031
2.38645
2.28009
2.62047
2.45809
1.00831
2.57692
3.15802
3.14331
2.0387
2.00105
2.8175
2.10417
1.16595
2.17027
3.22527
2.39647
2.96443
2.78337
2.79586
3.15513
2.35169
3.12284
1.68163
2.85315
2.34591
2.91833
1.22032
3.19122
3.09804
3.01891
3.13119
3.2286
1.97511
2.61636
2.42176
2.42461
2.82359
2.00849
2.20481
2.02839
1.95506
2.89524
3.02101
2.60016
3.0728
1.5403
2.11588
1.34246
1.36562
3.0174
2.65409
1.16234
2.72527
2.2615
3.0632
2.9494
2.96043
3.19999
3.16199
2.73212
3.05675
2.07568
2.95908
2.07367
1.12572
2.22746
2.00941
2.59702
2.8941
1.57833
2.82395
1.7204
2.3123
2.74204
3.14764
2.23766
2.42164
2.19794
2.70767
2.60781
1.82495
1.03931
2.15418
3.11517
2.88088
2.96898
1.85132
2.97379
3.22712
2.7272
3.12963
2.84554
2.13864
1.54783
2.52008
2.73174
3.20243
2.3567
1.75453
1.33096
3.01942
2.26115
3.05913
2.37018
2.3436
3.1384
0.994292
2.55776
2.63454
1.931
2.25072
1.91093
2.85169
1.47789
1.69243
2.74897
1.93376
3.03889
2.28071
3.034
1.89414
2.90485
1.05217
3.01877
2.3599
3.21633
3.08812
3.21486
1.41792
2.55929
1.09017
2.2448
3.19027
3.11138
2.03821
2.69168
2.56797
1.24075
1.36488
2.49081
2.22196
2.56792
2.46085
3.18322
3.08222
2.32268
2.78
2.63164
3.06539
2.60944
3.15301
2.5776
2.64833
2.89958
2.73786
2.01786
2.60743
2.56051
1.2249
1.13833
2.46952
1.36136
1.87065
1.6445
2.21105
2.49396
1.36292
2.79046
2.86746
2.61912
3.02643
2.68837
2.779
2.31085
2.97855
1.11921
3.18334
3.16264
1.86789
2.8591
2.88048
2.40738
2.16037
1.59773
2.37807
3.17575
2.57647
3.16929
2.68502
2.94906
2.77727
2.12333
2.32404
2.58401
1.64955
1.07434
2.27462
2.1358
2.54605
2.15793
3.15895
1.64386
3.15136
2.38845
2.25688
3.09776
1.29181
2.74255
2.10938
3.0814
3.15498
2.86847
3.23084
2.71845
1.99518
2.27295
2.96234
1.59893
1.74647
2.45165
3.20145
2.24347
2.67314
2.98059
2.05624
1.34801
3.01608
2.89022
2.10303
3.21908
2.53888
2.93856
2.17905
2.31039
2.33102
2.62945
2.22425
2.90924
1.98633
3.07292
3.13255
2.77229
2.0102
2.6107
1.97921
1.80632
3.1554
3.06997
2.23169
2.66865
2.36624
1.577
2.64396
2.81029
2.50077
3.16885
2.2808
2.14149
3.22697
2.73739
2.75249
1.08578
2.75487
1.06054
3.02929
3.0739
3.06303
1.23517
3.00086
2.47107
2.60701
2.37889
3.08187
1.67786
0.968097
1.30965
1.40545
2.39746
3.15508
3.20132
2.73703
2.41532
1.07162
1.98866
2.8658
1.46524
1.854
2.01745
2.94507
2.6202
1.36974
3.14191
2.43268
1.2838
3.05846
2.34674
1.86762
3.02445
2.41439
2.94247
3.1253
3.0531
2.55231
3.02158
2.89238
2.17707
2.99034
1.80611
2.34076
2.80411
2.85501
2.9839
3.17101
2.85258
1.96639
2.18841
2.12327
2.55773
1.05833
2.55943
2.69833
1.31275
3.01737
2.81542
2.55645
3.17285
2.14066
2.8001
2.12627
1.76354
2.59594
2.36713
2.96831
2.80808
2.59558
2.03794
3.21154
2.96813
3.08088
1.19187
1.30306
1.76696
2.29453
3.19896
0.96596
1.93424
1.93916
3.11265
3.1505
3.17689
3.11213
2.87025
1.61572
2.52997
2.94781
3.02895
1.72183
3.17433
2.12958
0.996011
1.97921
2.49317
2.76556
3.02074
1.96529
2.56994
2.73148
3.00581
1.19101
1.14328
2.81553
2.98873
3.18669
2.91214
2.75602
2.52678
2.64438
3.22305
2.36071
1.37044
2.04444
1.64774
2.73398
3.09611
1.1451
2.19261
3.18002
2.62774
1.75531
2.57479
2.14165
2.44233
3.11226
2.93164
1.8465
2.48371
1.98912
1.05684
2.50711
2.39658
2.14604
2.16943
2.13497
3.10552
2.84033
3.01468
3.12578
3.18197
2.14653
2.95843
1.99783
1.52701
2.67977
2.06229
2.89595
3.13034
2.82875
2.02137
3.11415
2.03345
2.81931
0.99824
3.19229
2.34296
2.87499
2.45746
2.22798
2.37638
1.8877
2.55373
3.0578
2.88962
1.09315
3.00242
2.89874
3.07601
2.96441
2.77639
2.37548
3.11269
2.94561
2.63152
3.14241
2.04497
3.19068
2.39645
1.49542
1.93246
2.90124
2.77995
2.22078
2.19247
3.20647
2.61318
3.0745
2.73139
1.76623
2.47267
2.19659
1.23511
2.22466
2.46672
2.57228
2.20344
3.01047
3.20781
3.18064
2.0633
1.07638
2.70469
3.12333
3.14955
2.8591
2.92902
1.9252
1.69513
2.53094
2.82232
2.42399
2.71759
2.90511
2.13444
1.31792
3.21268
2.89302
3.20607
2.19624
2.78468
3.14279
2.8485
3.16254
3.22984
1.9499
2.71584
3.202
3.08961
2.92742
1.25511
2.3202
1.97588
2.67118
2.82026
2.6605
3.1298
2.71589
2.14474
2.50101
1.12351
3.11545
2.26712
2.9848
2.23168
1.88417
2.47322
0.950383
2.26813
2.94633
2.83979
1.41729
2.80829
3.0216
2.16242
3.05848
2.85789
3.16159
2.79912
2.23419
2.12818
2.50388
2.92111
2.83693
1.22567
2.59404
2.9161
2.40888
1.17953
2.22669
1.62307
3.15568
2.23244
2.65051
2.83482
2.81209
2.76602
2.32874
2.75415
2.80235
3.01647
2.98504
3.03824
1.80298
2.81646
2.94568
2.22849
2.48482
1.50522
2.99783
1.42276
2.04398
2.60645
2.80591
2.70256
2.97443
2.7102
3.19073
2.83363
2.69707
1.87781
2.94699
2.71924
3.07746
2.20825
2.99451
3.21624
2.89821
2.3259
2.48032
1.35455
1.99584
3.06775
2.40989
2.8612
1.26757
2.47691
1.66282
3.03435
1.39637
2.5242
2.39361
2.19837
2.21708
1.90495
2.54268
2.13668
1.95781
1.15141
1.91522
2.63082
2.00439
2.84822
2.00741
2.96885
2.81127
2.39675
3.17326
2.3936
2.87334
2.45195
1.81774
2.26684
1.89896
3.15226
2.92776
1.16262
1.84654
1.99335
1.54171
2.56674
2.20712
2.05663
3.2221
2.33605
2.97732
1.82094
2.4662
3.11883
2.43283
1.07258
3.21485
3.03173
2.72639
2.92517
2.91621
2.75694
1.89316
2.91672
2.556
2.83561
2.75626
2.62227
0.990591
2.03066
3.20284
2.01104
3.10492
3.12249
2.5151
1.7922
3.19302
1.79451
1.783
3.10418
1.8305
1.92488
3.02277
2.20831
2.52299
2.7928
2.24701
2.68145
3.20552
3.19375
2.07245
2.25809
2.64512
1.18831
2.19312
3.17613
2.82343
3.15073
2.21953
3.02286
3.12557
2.42572
2.84109
2.04775
2.45258
2.79311
2.96708
2.71465
3.16385
3.10366
3.1462
2.99896
2.00064
3.11762
2.1223
3.22341
2.62635
1.93823
1.50888
2.19694
2.93221
2.51926
2.07773
3.22499
2.60524
2.87251
3.17177
3.11031
1.03638
1.9832
3.10985
3.078
3.22066
1.46609
1.58272
2.43404
2.74677
2.62564
2.51842
2.39754
3.03013
2.3086
1.0612
2.71014
0.981238
1.85952
3.17313
2.9821
2.94928
1.51967
3.17192
2.05885
2.51028
2.82775
2.4301
2.69769
2.79164
2.65711
2.211
3.1176
2.40258
2.94081
2.60968
2.30817
2.97687
1.99933
1.71133
3.20349
1.93699
1.04556
1.33851
1.58098
2.80082
2.70456
1.72303
1.73806
2.7516
1.94953
3.21711
2.1274
2.00827
2.90735
3.21946
3.1496
2.89552
2.73183
2.92795
1.7215
2.46568
2.88545
3.18347
2.45189
2.14113
1.17813
1.0859
2.89337
2.68688
2.68811
2.74235
1.09221
2.84661
2.22331
2.02709
2.42354
1.28922
2.90545
3.00971
2.49579
3.03565
2.04603
2.74034
1.17096
2.03331
2.78701
2.77931
1.64488
2.53541
1.9181
2.70314
2.62272
1.36941
1.54616
3.18202
1.77402
3.13027
1.64422
2.90105
2.49894
1.91279
1.90914
2.77522
1.19773
1.94586
1.99089
2.42243
3.22714
1.82237
2.35614
2.55314
2.65111
2.40267
2.90593
1.26475
3.04519
1.14934
1.82885
3.0884
3.16904
1.90104
2.50127
2.93391
2.95019
2.68266
2.25178
1.04909
3.00327
2.87812
1.98558
2.36072
3.1438
3.00838
1.83529
2.60731
2.32368
2.09379
3.12273
2.50226
3.1379
1.59291
3.19132
2.25777
3.20549
1.09025
2.4351
2.37122
2.19115
1.38741
1.35534
1.42883
2.61302
2.15375
1.05289
2.44948
2.0955
2.99713
1.67774
2.57379
2.70082
3.16234
2.81135
3.16472
2.18664
3.07546
2.89167
1.9086
1.73879
2.49341
1.86848
2.53732
3.00477
3.14775
1.92171
1.22608
2.16762
2.52302
2.88898
2.85052
1.12758
2.99495
2.85372
2.72518
1.88591
2.72157
2.96591
2.80685
2.48101
2.09677
2.93731
2.12944
1.95613
2.38144
2.35429
2.86426
2.34282
2.58002
3.22807
2.96549
2.37495
2.78607
3.00175
2.60827
3.09088
1.26189
1.05597
2.7266
2.94417
2.88955
3.09668
2.86819
2.10323
3.19422
2.62964
2.99563
3.07977
2.84197
1.51916
2.09626
1.93414
2.93317
3.0694
2.51438
2.63918
2.82937
2.71988
3.2261
2.59024
2.09913
2.09139
2.11097
1.96481
2.29503
2.18857
3.04216
2.91499
2.37857
2.18882
1.57293
1.93419
1.07909
2.60451
2.37557
2.90366
3.18393
1.74636
1.14064
1.80652
2.67583
2.70232
1.85369
2.77808
1.272
2.61236
1.52975
2.09254
3.17989
3.21804
2.31839
3.19399
3.18896
2.50102
2.88395
2.26911
1.68889
2.05303
1.96365
3.14292
1.21442
2.79265
1.69183
2.72697
2.00232
1.60744
2.67132
2.66879
2.8291
3.0372
3.00016
2.93708
2.02025
2.67759
2.46499
2.16789
2.60669
2.70795
2.3179
1.85961
3.10573
2.99712
2.03039
2.84748
2.99711
3.01414
1.11645
2.31784
2.87572
3.03926
2.66645
2.36822
2.4756
2.61749
2.4675
1.87594
1.15152
1.05476
1.98641
3.22132
1.54942
1.88375
1.7134
2.66723
2.93059
2.52346
2.61528
3.0463
1.77871
2.74995
3.17649
2.34986
1.50302
1.2804
2.80843
2.84427
2.44633
2.92866
2.16472
1.05243
2.85054
2.72809
1.92667
1.26072
2.95779
2.35626
2.30088
2.72245
2.98809
3.0429
1.22503
2.93368
1.983
1.01599
3.05381
2.08183
2.27669
2.96329
2.53434
2.76262
3.00154
2.16247
1.18298
2.9625
2.52464
2.77493
2.47205
2.17722
2.43894
3.07428
2.21146
2.86282
2.71315
3.13669
2.15802
1.54863
2.01787
2.59561
3.08608
1.88297
2.91801
2.32292
2.77459
2.05868
2.09728
3.09758
3.12853
3.1139
2.86954
3.00635
1.5856
3.00129
1.15242
1.11585
2.53115
2.44257
2.56127
1.57983
0.974537
1.63138
2.902
1.94856
3.06378
3.08248
2.954
3.11028
3.07851
1.3939
2.70823
2.5333
2.03229
2.99192
2.35504
3.13398
2.63263
2.28368
2.04873
2.13281
1.88386
2.73757
1.75387
2.4302
2.76073
2.23627
2.36943
1.34284
2.39508
3.21758
2.64225
2.63132
1.08071
3.10672
2.32498
2.34389
2.4988
3.11389
3.13899
1.73535
3.10871
3.00755
2.31659
3.07033
3.13242
1.9991
2.79635
3.22081
2.35583
2.27373
1.43139
2.93315
3.17218
2.09035
1.33219
2.1148
1.84923
2.71968
2.79037
2.86487
2.26107
2.59622
3.03514
2.55282
2.3668
1.18915
2.58541
3.01381
3.00156
3.06408
3.01679
2.27333
3.06888
1.77605
1.53588
2.09118
2.13198
2.98575
2.46069
1.73613
3.01706
3.16783
1.94488
2.22507
1.14086
1.67991
2.35435
2.47468
2.32765
3.04258
2.23944
1.02933
1.56964
1.48024
2.90183
2.89136
2.24699
2.89059
2.90793
1.18691
0.978092
3.07385
3.05267
2.82669
1.66867
3.08329
2.09965
2.80662
2.33195
2.88284
1.97099
2.60068
2.66637
2.60667
2.79109
1.49636
2.76556
2.39972
3.11729
3.05569
3.09798
3.09725
3.13134
2.74918
2.82277
2.73552
2.42041
3.13471
2.31298
3.12065
3.13488
2.15165
2.78901
3.17013
2.8985
2.7452
3.17975
1.7444
3.03856
2.23383
2.54683
2.58983
3.1804
2.0383
2.55663
1.07777
3.13735
2.28417
2.92304
3.05652
3.21386
2.70085
3.11278
2.27738
2.68805
2.66071
2.37221
1.61099
2.96625
2.95516
2.60788
2.07897
3.13125
2.61038
2.07503
1.07122
3.18349
2.65562
2.23727
2.22934
2.26143
2.88894
2.74471
1.9284
3.08484
2.68066
3.02338
2.07843
1.19574
3.11201
3.09894
1.20818
2.24168
2.16172
2.96389
2.85369
3.16728
1.90966
2.95623
2.74342
2.70352
2.81085
1.27881
2.78167
3.02432
2.54415
2.26922
3.09724
1.43841
2.35075
3.09107
3.20884
2.10913
1.75275
2.03947
2.26604
2.68654
2.23362
3.11378
2.92478
3.06583
1.09518
1.8949
2.028
2.59201
1.47619
2.26346
2.38473
2.97444
2.92854
3.15141
2.78883
3.0334
3.02949
1.11948
2.1417
2.56404
3.20869
2.94209
3.20233
1.4407
1.29679
1.93848
3.11086
2.89026
3.03536
3.06306
3.18278
2.60785
1.24373
3.22016
2.11272
2.96029
3.00114
2.36089
2.38011
2.63367
2.25487
2.99553
2.43887
2.12148
2.9493
2.94928
1.15133
3.12105
2.53669
1.64904
2.02742
3.14741
2.84099
2.31742
3.02411
2.62136
2.64907
2.83019
3.16978
2.76522
1.99153
2.58407
1.241
2.04737
3.04307
2.74649
3.18618
2.06367
1.71103
2.87448
1.25472
2.88799
2.48262
2.1398
1.76679
2.45993
2.23786
2.56633
3.21149
2.96578
1.30701
2.63582
2.53283
1.94756
2.81472
3.01339
2.83232
2.88915
3.05435
2.07213
2.8293
2.7924
3.00523
1.74117
1.05186
2.22599
2.84134
3.17212
2.71688
3.0624
1.93337
2.6392
3.02703
2.70989
3.06311
3.07237
1.11074
2.11728
1.24128
2.25161
2.39319
3.18781
3.02627
2.66248
2.95452
2.7382
1.72251
2.5466
2.09761
3.04306
2.98136
2.59695
2.07773
2.64314
2.10224
3.17182
2.50936
2.74057
1.50069
2.26555
2.57297
3.15593
2.80222
1.10436
2.46211
1.45325
1.93191
2.6966
2.69851
2.68635
2.62249
2.1729
1.1833
3.12131
2.6461
2.86128
2.67572
1.81285
3.11723
2.33135
3.09286
2.95
2.5757
2.60307
2.48738
1.09527
2.86638
2.49555
2.78845
3.21445
1.23344
3.20361
2.91575
2.07432
2.83554
1.98681
3.13443
2.62406
1.38097
2.24166
2.13311
2.71496
2.12753
3.20134
1.83137
3.18156
2.9477
3.10942
2.63534
2.49742
1.24027
2.8742
2.09411
3.18333
3.06872
2.32565
2.37487
2.49709
3.11154
2.38448
2.96754
2.92412
3.00383
2.66263
2.84066
3.0142
1.15666
1.75811
2.82893
2.75028
2.28191
1.21207
2.60339
2.5908
2.97166
1.81934
2.85252
2.04863
2.82364
2.98086
2.87215
2.87737
3.20425
3.21823
3.19416
2.09249
2.70744
2.99727
3.20859
1.03979
3.02185
2.75612
2.89042
2.86737
2.25765
2.24989
2.48473
1.90041
2.9274
1.53458
3.0496
1.975
2.37497
3.09528
2.3297
1.54128
3.02785
3.09849
1.07102
2.96324
2.74896
2.54627
2.60655
2.49806
2.61977
3.12828
2.78241
3.03025
2.57354
3.07416
1.60573
2.4401
3.07567
2.52738
2.34624
2.95288
2.17667
2.17031
2.71236
2.59356
1.07217
2.26963
2.20055
2.90821
2.98659
3.20231
2.70759
1.70477
1.44624
1.92782
2.33981
2.43955
2.41071
2.39735
0.925933
1.8873
2.78941
2.90298
2.22641
3.19106
3.11602
3.12237
2.06168
2.78318
3.02231
2.85109
2.39383
2.88604
3.21816
3.00694
2.41724
3.11067
1.53514
3.19322
3.07872
3.18993
2.70618
1.31975
3.20714
2.43087
2.66607
1.21131
1.81346
2.237
2.95683
1.63861
3.04033
2.77864
1.91659
2.10075
2.89087
1.15464
3.09362
2.68651
2.05282
2.88501
2.545
3.13725
2.11648
2.06718
3.2208
1.76747
3.14671
3.09198
2.51558
2.12647
2.70395
3.22774
3.13139
1.12168
2.57591
1.97251
2.13335
2.961
3.16247
2.93243
1.81366
2.85453
2.44327
2.79865
1.03224
1.14283
1.40892
3.15122
2.44387
2.09779
2.13009
2.91212
3.00865
1.08106
3.07163
2.79031
2.37228
3.19862
2.48647
2.18781
2.43612
2.83924
2.26737
2.89329
2.97229
2.87282
1.09512
2.30818
2.82598
2.87116
2.09052
1.5531
2.98668
1.60612
2.60863
3.1435
2.61294
2.3078
1.65958
2.74738
2.89138
2.81433
3.11948
1.14948
1.9046
3.22702
1.88691
2.12497
2.72022
2.93085
2.07039
3.12352
2.29624
2.31778
1.79786
2.83383
2.60362
2.50145
3.22837
2.03305
3.1428
3.17235
2.72162
2.90364
2.12049
3.19202
2.43216
2.43769
1.73642
1.91684
3.132
2.44483
2.8477
2.36038
2.70266
2.85537
1.78033
1.41223
1.94015
2.66929
3.15291
3.11022
2.52221
2.49302
1.0474
3.19694
2.9305
1.13402
1.83908
2.42028
2.64719
2.96339
2.91254
2.67057
2.62432
2.93907
2.22493
2.25804
1.24154
2.96343
1.93172
2.93721
2.46892
2.85439
2.8229
3.08457
2.94234
2.08765
2.81753
2.97155
2.88179
1.10917
3.16435
2.03341
2.91117
3.03183
1.92665
2.7156
2.10491
2.21252
1.20237
2.96608
2.09704
2.74521
2.7503
3.05685
2.15497
2.28418
2.16276
2.49834
1.82581
3.11045
2.53911
2.77431
2.09375
1.69532
2.77949
3.04198
2.68894
1.00245
3.07835
2.78987
1.22388
2.86526
1.93255
2.34608
1.68417
2.75539
3.0805
3.02538
1.25778
1.301
1.03995
3.08827
2.42777
2.85743
1.77121
3.2112
2.06602
2.80152
1.79193
3.11196
3.14435
2.36395
3.04729
1.19951
2.16855
2.33243
1.22882
2.2427
1.42786
2.70991
2.57
2.54922
3.11316
2.96973
2.02461
3.16477
1.92488
2.99505
2.18835
2.59084
3.08857
2.42166
2.57703
3.15361
2.7476
2.52273
2.33299
1.92355
3.10448
2.40336
2.70818
3.04281
2.79436
1.36768
1.93845
1.72653
1.95385
2.58895
1.95736
1.51611
1.7912
2.18057
3.16722
2.8292
2.915
2.72003
2.26681
1.06256
1.158
2.9
3.21667
2.76326
2.63873
3.19408
2.44257
1.67188
2.26201
1.13851
2.38927
2.60296
2.87616
3.1567
2.17826
0.950362
1.54109
2.81407
2.08904
3.05477
2.1033
2.55731
2.00944
2.77318
2.67954
3.13348
1.13444
1.70189
3.17211
2.95806
2.37785
2.17677
1.0126
1.10151
2.92589
2.90938
2.95123
1.97196
3.07804
2.28113
2.34017
2.90209
2.64136
3.03168
2.09537
2.65304
3.1702
1.81818
2.13659
2.34968
3.19794
2.0452
2.69758
1.05296
1.35461
1.78093
2.73551
2.95757
2.35584
2.19114
2.86254
3.02426
1.14074
1.26714
2.01137
2.31903
3.15969
2.98373
2.87286
2.62011
2.49221
2.58901
1.35965
2.78248
3.11785
2.8187
2.63752
2.19752
2.91315
1.98284
2.18251
2.1649
1.72018
1.96165
2.10513
3.07888
2.79759
2.5676
2.91047
1.48152
3.09298
3.0897
2.86413
2.17747
3.00326
1.30134
2.78096
2.16769
2.54831
3.16863
2.89832
3.05443
2.6435
3.14159
2.08775
2.81938
1.31831
2.73849
2.12711
3.11355
2.98623
2.96245
2.11299
2.89043
1.7956
2.82726
2.83247
1.17169
1.19961
1.78217
3.07584
2.77481
2.32882
2.95715
1.47179
2.29358
2.70613
2.81071
2.86137
3.16793
3.09679
2.27193
2.1248
3.14164
1.89788
3.19529
2.82883
2.87033
2.72028
2.15198
1.47052
3.19994
2.56251
1.70931
2.86786
1.09639
2.75705
1.46162
1.52297
1.89633
2.03245
2.57634
2.31381
1.04142
2.7839
1.2297
3.18108
3.05609
3.06621
1.97429
1.26531
2.39273
2.76933
2.21536
2.87905
2.20815
3.09117
2.70623
2.53322
1.99877
3.06182
2.81595
2.6598
1.34162
2.58675
2.91308
2.38317
2.40079
2.507
2.91142
1.86353
3.15204
2.26599
1.15387
1.99253
2.10692
1.87814
2.60927
2.59523
3.15718
1.83531
2.701
2.92716
2.32234
3.11399
1.13984
1.58698
2.53141
2.40827
2.74468
2.74785
1.979
2.81122
2.61036
3.08995
2.86782
3.07519
2.21305
2.70688
2.31435
2.9406
1.40086
2.43087
1.93137
1.64486
3.07303
2.94639
1.80159
3.19843
2.07661
1.96888
1.01329
2.36361
2.65538
1.08448
2.50661
2.59746
2.46106
2.13032
1.82696
1.07583
3.0507
2.82068
2.41822
2.10606
2.68745
1.98022
2.4705
3.05202
2.39388
3.01099
2.79533
1.92651
2.53519
1.84452
2.76796
1.92269
1.7327
1.84738
3.11123
2.47609
2.59339
2.37623
2.60975
1.04661
3.1858
3.13511
3.18141
1.73278
2.53276
2.32571
2.59735
2.73894
1.84225
1.6577
2.02793
2.79013
2.02931
3.10318
1.81629
2.0714
1.49935
3.12139
3.14724
3.12843
2.13986
3.07884
1.22956
3.15059
2.58515
3.00709
3.14725
2.29044
1.50843
1.47103
2.60826
2.6685
2.55912
2.19652
1.12884
1.83028
3.06809
1.45442
2.65235
1.09795
2.42005
1.85611
2.86508
2.51352
2.54868
3.17668
2.41844
2.87639
1.47877
2.32144
1.6511
3.01688
1.19907
3.05078
2.11021
3.07671
2.4983
2.48584
2.89882
2.55281
1.44139
1.19205
1.96681
2.99842
2.18418
2.06564
2.55878
1.69153
3.19261
3.15388
3.05253
1.94493
2.35713
3.16557
2.56587
2.28968
2.98762
1.3043
3.02974
1.19107
2.97593
2.68798
2.08029
1.94862
2.52157
2.85732
3.10587
2.18717
2.88302
2.31029
3.10649
2.21636
2.96408
2.47071
1.67552
2.06839
1.88632
2.7695
3.02127
2.41921
2.25669
2.65156
2.38653
2.96272
3.13452
2.41053
2.20803
2.97938
1.11188
3.18251
2.86623
1.62593
2.82784
2.19522
1.04659
1.00731
2.83887
2.15574
2.9676
1.95099
2.60668
2.38581
1.98159
2.76896
2.19859
2.86616
3.05292
2.37043
2.65287
1.20718
3.00125
2.96512
2.36231
2.65209
3.1222
2.27273
2.56805
2.09236
3.09049
2.66818
2.96828
2.68815
2.99578
1.19406
2.52058
2.01843
2.04049
2.77916
2.72551
3
3.03169
3.04264
2.51037
2.58685
2.97969
2.56779
2.44201
2.7377
2.05392
1.95409
3.06548
3.19949
2.09363
2.31435
3.09171
2.78773
2.25346
2.15493
1.67525
2.98029
1.05414
2.55799
2.9912
1.53572
1.83255
3.16947
2.34124
2.45258
2.72744
2.59538
2.31082
1.12975
1.53168
1.03642
3.23
2.33819
2.94882
2.71041
2.65402
2.7709
3.02325
3.14117
2.89065
1.58408
2.94005
2.9593
2.24577
2.42555
2.25118
3.06078
1.20026
1.2004
2.56136
3.18732
2.99267
3.17708
1.94785
2.1791
2.11688
3.16591
2.30532
2.25073
2.69105
1.74159
3.21353
2.24501
2.71885
2.87655
2.9504
2.96264
1.72498
3.0046
3.16597
2.0996
2.90445
2.96827
2.19094
1.59646
1.108
3.08109
3.08413
2.57232
2.0015
2.58629
3.08326
2.03665
2.98991
3.11359
2.89304
2.93938
2.99561
3.00294
3.1191
2.58308
1.90711
1.39206
2.76612
2.79055
2.9891
2.0448
1.10832
2.59643
3.03078
2.52551
1.38368
2.94268
3.06638
1.32744
1.19422
2.82308
2.77952
1.99004
1.15808
3.21815
2.8209
1.84474
1.93704
2.31843
3.21416
3.12059
1.96434
2.76511
2.87836
2.48382
2.18756
1.11596
2.93157
3.04009
2.95165
1.80153
2.72971
2.76052
3.19997
2.06822
1.03439
2.84441
0.998187
1.9911
3.12194
3.00402
1.36201
2.95284
2.74983
1.73673
2.87245
2.24726
1.43968
1.76299
2.79292
2.63316
2.92336
2.82254
2.67668
2.88157
2.24395
2.58101
1.65456
2.83245
3.08346
3.0462
1.88764
2.35715
1.79462
1.27136
2.36977
3.16047
2.26562
3.22437
2.34776
2.91578
2.55663
2.55211
2.53865
2.56977
2.86136
2.16259
2.80999
3.03183
2.26024
2.72256
2.79505
3.02757
1.10236
2.48164
1.96474
2.63343
2.09505
1.99447
2.90852
1.2505
2.62494
2.23944
2.01441
1.91225
2.35857
1.27232
2.69502
2.91367
3.19867
2.88782
1.63753
2.09029
1.31952
2.60448
2.35838
1.10768
2.9787
2.38838
2.49129
2.63894
2.8954
2.70778
2.92405
2.43199
2.91059
3.00607
3.22597
1.54702
1.31658
2.23274
3.07637
2.39879
1.17632
3.2308
1.5815
2.05573
2.93602
2.50131
2.96128
1.13266
2.45224
2.5406
1.96313
1.77468
3.17743
2.99952
2.51083
2.37326
2.39015
2.45402
3.06365
1.52013
1.14361
3.02217
2.95389
3.14893
3.14534
2.73311
2.76462
2.76677
2.55996
3.21097
2.45767
3.20995
2.46627
2.61834
2.47774
2.46758
2.11318
2.96007
3.18841
3.15972
3.02332
3.00102
1.83237
1.92652
2.43942
2.80948
1.43977
1.11793
2.60094
1.8493
2.111
2.02256
2.27752
3.03174
2.57271
2.4247
3.21353
1.03514
2.67117
2.65003
3.06632
3.1584
3.05785
2.54022
1.66414
3.06006
1.65426
3.02724
3.03143
3.01378
1.83152
2.58319
1.16556
2.34307
2.8274
1.0534
2.72677
2.72748
3.14866
2.42735
1.23082
3.01125
3.18228
1.89977
2.24102
2.82825
2.36123
2.59584
2.53904
3.18911
3.04937
1.2188
2.81293
2.07625
1.14865
2.46519
2.3173
3.04749
2.62821
3.0121
3.2315
2.76299
3.11251
2.18745
2.19219
2.97531
2.74728
3.0307
2.72523
2.30586
2.45328
2.82369
2.79202
2.21861
3.09701
2.40678
1.3906
2.8733
2.76435
1.76223
2.13502
2.32318
2.51433
3.06039
1.65013
2.54324
2.82628
3.01773
2.02332
3.07743
1.74448
3.03238
2.79614
2.30348
2.40191
1.77251
3.0881
2.6266
1.83748
2.42763
1.53568
2.27751
2.78244
2.23434
2.56547
2.66134
0.986142
2.4378
2.86588
3.12618
2.16192
1.16591
2.30481
2.05684
3.20234
3.20608
2.08044
2.72419
2.24869
1.46086
2.09502
2.82086
1.95749
2.62523
1.77127
3.22635
2.90812
2.62288
2.38517
2.92187
3.04876
2.76537
2.71543
2.19279
1.2477
2.98303
2.88275
3.11808
2.4303
3.21673
2.7489
1.0179
1.22807
2.82425
2.05548
1.73681
2.15898
3.1367
2.65571
2.76179
2.10538
2.95195
1.47532
2.8065
1.99418
2.98724
2.61359
2.15736
2.95448
1.11591
2.95812
1.69144
2.8522
2.74884
2.11868
2.18161
2.28744
2.9677
2.08329
2.40199
2.99028
3.05016
2.65569
2.58186
1.19828
3.13002
3.00017
2.23671
2.59184
2.12183
1.83022
1.09352
2.95364
2.77954
2.94995
3.14996
2.74713
2.83816
2.2616
2.75702
2.72349
2.21233
2.84848
2.26006
1.91646
3.19105
2.98502
3.15204
2.4271
2.4821
2.6137
2.95667
1.97254
2.10191
2.94796
2.8044
3.1708
3.17718
3.12044
3.21905
1.63658
1.86161
1.135
1.07897
3.05703
2.23546
1.8599
1.46543
2.88828
3.01125
3.00798
2.98727
1.08301
2.39689
2.51435
2.62509
2.92862
3.20597
2.81461
1.41305
3.07598
1.48178
2.82887
2.53829
2.91875
2.64682
2.45363
1.10803
2.19943
2.91385
1.38197
2.95544
2.04613
2.50915
2.90642
3.12408
2.28758
3.1871
1.25468
3.17611
1.08082
3.07176
2.75909
1.69046
3.10909
1.75835
1.91125
2.16197
2.72127
3.18268
3.06968
2.4073
1.57111
2.16411
1.71787
2.4274
2.82725
3.02685
2.1168
3.20862
2.11352
1.59315
2.5041
2.21221
2.00483
2.14881
2.55966
1.62058
3.13683
2.58478
2.64957
2.21551
2.46261
3.01217
2.26936
2.68368
2.32533
3.1336
2.25896
3.23025
2.49906
1.38282
2.1988
3.00347
2.26022
1.98833
2.25494
2.68608
2.44943
3.21874
3.20905
2.41246
3.21914
2.23642
2.62758
2.44175
2.84229
2.93877
1.57213
3.19277
1.86748
3.12038
1.10824
2.47683
3.14155
2.325
1.19892
1.95232
2.86434
1.27084
2.13387
2.39968
2.86407
3.01115
1.10121
2.66467
2.43829
2.69048
2.55092
3.12446
2.70385
2.17328
2.51525
2.18345
1.97641
2.67561
1.7452
1.57444
2.27111
2.22819
1.01164
2.73995
3.21696
3.05551
2.43484
2.68399
2.08045
1.95314
2.61441
3.05614
3.01874
1.83021
1.77467
2.94975
2.65551
2.03104
2.44969
2.21177
1.47107
3.01572
2.72201
2.74385
2.91004
3.14993
2.51183
2.61137
2.64127
1.2578
1.74601
2.25341
2.37724
1.08451
2.23742
2.01553
1.33016
2.68271
2.44087
2.90567
2.59587
2.86642
1.703
3.11117
2.37339
2.43971
3.05631
1.92028
2.82624
2.70261
2.73859
2.7668
2.72081
1.31231
2.86012
1.81601
2.81074
2.98783
3.13497
2.65624
2.82083
2.67607
1.29136
1.04382
3.18884
2.75061
3.17516
2.34421
2.73039
2.46553
3.05556
2.03977
3.15966
2.03105
2.60798
1.09668
1.06903
2.19629
2.96776
2.07911
1.54741
1.00039
2.39669
3.03801
2.03987
2.94177
1.49025
3.09384
1.72704
3.16069
2.15456
2.58467
1.09713
2.63474
2.06945
3.13472
2.7134
2.16137
1.845
1.98363
1.41035
1.86655
2.48433
3.01271
2.0881
2.5524
3.16523
3.17579
2.94824
1.0692
2.80667
1.90495
2.92231
1.87489
2.24181
2.14149
3.03719
2.82784
2.2097
2.12822
1.14822
2.9045
2.57516
2.39006
2.72351
3.05788
2.84677
2.38402
2.04507
2.22016
2.65092
2.04039
2.48121
1.96603
2.83611
2.03474
2.96854
2.4733
2.99526
2.64328
2.40681
3.16513
1.6226
2.67035
2.984
3.11234
2.79064
3.14174
2.73411
2.84696
1.37419
2.66443
2.07299
3.19978
1.8354
2.87243
1.18393
3.05972
3.02777
2.01526
1.71878
3.138
3.19611
3.20797
2.94169
0.981399
2.45663
2.49181
2.96891
2.97362
2.30787
1.25129
3.19299
2.09519
2.85413
2.83873
3.05449
2.72832
2.06727
3.16514
1.21937
2.37826
3.10811
3.16737
3.0558
2.05572
2.0099
2.85755
2.93125
2.37165
1.95012
2.0133
1.14158
3.11013
2.76214
2.94433
2.88978
1.64886
3.00693
2.24528
1.17096
2.99511
3.14088
1.7285
2.76528
2.46766
1.48916
3.1041
2.48849
2.95014
2.22016
1.46018
2.12116
2.99581
2.93753
1.16868
3.13355
3.20128
2.04419
3.00883
2.79931
2.57947
1.14314
2.35291
2.77478
2.82795
2.90659
2.48252
2.64672
2.30995
1.45332
1.9544
3.2158
2.3415
1.62048
2.83185
2.76578
2.86158
2.63524
2.92164
3.12196
1.32936
1.14855
3.17181
1.84536
2.76901
2.34933
3.15841
1.2347
2.03433
1.97636
2.8873
2.21819
3.08603
1.52676
2.03729
2.28553
3.0339
3.07694
3.21659
2.36464
2.61419
2.25664
2.53876
2.26291
2.60597
3.21205
2.81186
2.54067
1.90839
2.24228
3.10502
0.987459
3.03463
2.82366
1.917
3.15648
2.79464
2.54032
2.90441
2.18792
1.30949
2.01739
2.91526
3.09106
2.30232
2.66255
2.75652
2.91128
2.07517
2.51792
1.93235
3.01316
3.17961
3.21103
1.59119
1.80323
2.4056
2.47738
2.98184
1.70581
2.64273
2.27201
2.01656
3.20383
2.47872
2.92531
2.62471
1.92542
2.98097
3.10506
2.77617
2.25091
2.80391
1.56755
1.70237
0.989666
3.17382
3.19397
3.04401
2.9249
2.47816
1.94713
2.46125
1.06768
2.75785
2.42968
1.91776
2.23229
2.80793
3.14024
2.66019
3.08972
3.10582
1.97744
2.20178
1.13171
2.08577
3.05792
2.46434
2.24707
2.91017
2.29967
3.03741
1.45836
1.56547
2.44125
2.98837
2.83902
3.13437
3.024
2.3233
2.78153
1.14773
2.0643
3.19643
2.51252
2.17278
1.5499
1.90814
2.67145
2.75122
2.8504
1.31467
2.56126
2.64281
2.97716
1.2541
3.10458
3.03284
2.27978
2.04359
3.16063
3.04352
3.07668
2.66744
1.16798
3.18677
3.0351
1.90628
3.13004
1.82789
2.09448
3.1417
1.73668
2.9487
2.07888
2.94764
3.16065
2.01087
2.65054
3.07525
1.35398
1.26653
2.41705
2.60264
1.78578
1.89246
3.05505
1.59788
3.07143
2.05493
2.14397
3.14596
2.77794
2.86174
2.52513
2.72201
1.57568
3.20892
3.12379
2.8151
2.87147
3.19491
2.86119
1.21137
3.0704
1.85601
1.12613
1.68376
1.11597
2.20438
2.42155
2.06752
3.10519
2.74144
2.65588
3.20174
2.81211
2.02347
2.54691
1.18795
2.677
1.72594
2.34544
1.63507
3.00928
2.24429
2.20324
2.52171
1.10936
3.04885
1.24324
2.80241
2.80971
3.18166
2.32737
2.86331
1.9304
2.6145
1.02843
2.13178
2.93581
2.19061
2.38078
2.22181
2.27533
2.66689
2.97243
2.92463
2.13613
2.68247
2.20737
2.7202
1.79406
3.17847
1.09233
2.66562
2.32959
3.03727
2.93369
2.17326
2.83282
3.20775
2.81963
2.91415
2.17661
1.20487
3.0264
1.78213
2.52124
3.18111
2.49166
2.61983
2.06226
2.53266
2.8316
2.23147
1.71309
1.08481
2.56933
1.16764
2.93274
2.53887
2.88803
1.08703
3.07267
1.82397
1.86461
1.92303
2.77688
1.62277
1.11265
2.65792
2.72656
3.08282
2.90331
2.67049
2.77095
1.80123
0.992127
3.12561
2.91695
3.08184
2.77183
2.49993
2.32409
2.17322
3.11887
3.14556
1.77886
2.91279
3.06162
2.46543
1.47686
2.53593
1.815
3.21442
3.19515
3.16148
1.79681
2.97977
2.09273
1.9323
1.84189
1.93589
2.03394
2.43265
1.87751
2.98229
1.94592
2.24893
2.62033
3.07666
1.3553
2.85634
3.20713
3.00302
1.8144
1.61429
1.64817
3.00378
2.54461
1.01623
2.8439
2.80647
1.85878
3.22127
2.99675
1.76863
3.18882
1.97142
1.17152
2.39286
2.56208
3.17778
2.23704
2.77375
3.06867
2.21772
2.85376
1.18539
3.03804
2.20897
2.87095
2.92524
2.54623
2.71232
3.19181
3.22229
3.14203
2.20754
1.21294
3.15441
2.64761
2.66341
3.01433
1.07472
3.13296
2.17553
2.57345
2.52062
2.31035
3.12903
1.61102
2.11137
3.04778
3.09207
3.09472
2.17659
2.53256
2.28544
2.39809
3.00089
2.34611
2.38192
3.19595
1.93805
1.7473
2.25305
2.4907
3.12625
2.33996
2.88021
2.37175
2.55156
2.98101
2.7826
1.21434
2.1029
2.82694
1.77541
2.13196
1.93373
2.54485
2.80805
1.93677
3.19234
1.66735
2.32427
1.77898
2.65748
2.67901
1.41973
3.15031
2.74559
1.99848
2.67927
1.31725
2.55969
3.18056
2.31508
2.64691
2.35465
2.84089
3.14105
2.48435
2.41946
3.17306
2.15865
3.12059
2.42532
2.80755
3.07024
2.66043
2.47172
1.95229
2.90829
2.35818
2.89626
2.557
1.65528
1.72654
2.18866
2.54703
2.60079
1.19226
3.18489
2.79731
2.61828
2.44646
2.05091
2.3373
2.82828
2.90447
3.00702
2.51246
2.03973
2.86317
3.19578
3.13939
2.51213
2.67198
2.25623
3.15404
2.86389
1.54632
2.67949
2.15864
3.00552
2.1887
2.11275
1.92644
2.64015
3.02952
2.72541
2.96305
1.07943
3.05818
2.69693
2.64876
3.14705
2.62359
0.973675
1.97352
2.47203
2.97904
2.31579
1.85133
2.55476
3.11385
3.17869
2.84686
2.32481
2.75175
2.20374
2.22058
3.15446
1.9935
2.26968
1.87625
2.4622
2.31633
2.20533
2.70035
2.88523
2.56927
2.8231
2.06812
2.17217
2.17397
3.22099
3.11306
2.25233
1.41691
2.50977
2.65981
2.29343
3.10984
1.79625
2.63828
3.05379
2.99073
1.79838
3.00834
2.87173
2.52357
3.17532
2.27439
2.87424
3.17383
2.49697
2.90554
3.0577
3.07668
1.66707
3.07762
3.08087
1.1494
1.02165
3.15188
3.03552
2.91596
3.09027
2.02119
3.05809
2.8813
1.1103
2.11613
2.72481
3.23045
2.20808
1.59045
2.34869
2.81624
1.39639
2.71127
2.66758
3.19725
3.02051
3.21349
3.21323
2.26137
2.24238
2.39749
2.89351
2.40821
1.97913
1.81277
2.9915
1.2461
2.88839
2.59937
2.69954
2.61834
1.7026
2.24
2.94773
1.18065
3.00504
1.41906
3.07412
2.65871
2.57371
2.81045
2.0743
2.94485
2.46684
2.12663
2.36045
3.17567
2.81731
3.02811
2.85395
2.74377
2.84319
1.73128
2.43898
2.26283
2.36561
2.07865
3.03966
1.34161
2.50798
3.1175
3.0803
1.05032
2.09084
3.07803
2.92888
1.61085
2.72058
2.97315
2.43959
2.68654
1.99644
2.46786
2.87786
1.88453
3.13594
2.43141
3.20287
2.20147
3.11069
2.65649
2.78272
2.519
2.69869
1.65596
2.37419
3.16443
2.45853
2.21403
3.1689
2.05309
3.18017
1.67198
2.08677
2.25641
3.12496
1.70311
2.32758
2.28525
2.61348
1.4667
2.3998
2.94893
2.48203
3.12139
2.88096
2.34077
2.21328
2.9263
2.9219
2.83772
2.6723
2.8828
1.31782
2.09925
2.66201
2.31585
3.21455
2.24354
2.47369
1.77948
2.38336
1.10244
2.77117
1.56708
3.21198
3.01266
3.20816
3.22956
2.7164
2.21741
1.5964
2.89667
1.97855
2.45657
2.4961
3.09702
2.6146
3.04219
3.16282
1.05273
2.75925
1.9918
1.91319
2.2564
1.88595
2.28917
2.41096
3.13181
2.89465
2.28741
3.17615
2.66237
1.41365
1.4544
3.05539
2.37572
2.77411
1.95795
2.76819
1.2918
2.73087
1.89728
2.52403
2.37238
2.09854
2.68579
1.4637
2.31084
3.0754
2.62222
2.10834
2.73711
2.81949
3.15864
2.46974
2.2226
2.68779
2.66765
2.19212
3.21485
2.72008
1.32903
3.13264
3.07194
2.93201
2.84653
2.74053
2.48193
1.09701
2.26721
2.96224
2.00022
2.4135
2.75362
1.94037
3.05005
1.04939
2.28203
2.79936
2.46943
2.44848
2.33569
2.03165
2.1539
2.95713
2.78149
1.76855
2.6513
1.65079
2.88788
2.96266
2.74488
2.85208
2.85635
2.87464
3.11967
1.71487
2.36202
2.45101
2.15401
3.03972
2.55621
1.94828
2.8801
2.89741
3.16009
1.2823
2.6492
1.87597
1.82969
1.0882
2.48541
2.97074
2.30529
2.86902
1.08172
1.86738
3.01242
1.87093
2.92243
3.10728
3.08417
2.19443
2.68462
2.8554
1.94272
2.72667
2.7131
2.53364
2.99837
2.81427
3.00878
2.37937
2.67539
2.56103
2.96086
1.8477
1.94894
1.81499
1.02633
1.85487
2.14614
2.96274
1.04906
2.26348
2.06679
2.26931
2.53422
3.13928
2.0911
2.95121
1.16073
0.988621
1.89053
2.48283
2.87478
2.57157
2.1134
2.34265
3.00875
1.21681
2.87111
2.95061
2.08066
3.05394
3.0643
2.45994
2.88776
1.71214
2.57061
2.15207
1.97082
1.88576
3.0004
2.83615
2.31073
2.93112
2.8541
3.0011
2.58618
1.83443
2.87779
2.54396
2.72137
2.339
3.12311
2.03235
2.91678
2.66136
3.06184
1.03709
2.77809
1.7671
2.5832
2.1124
2.47387
2.11507
2.43774
2.03625
2.99785
2.00064
2.34275
2.1973
1.71704
2.24366
2.02594
3.13831
3.13366
1.26088
3.08709
2.24136
1.98641
1.96327
1.99805
2.6849
1.25233
2.66773
2.61695
1.98665
2.81987
2.19924
1.94639
1.56191
2.39276
2.43297
2.42065
1.50557
2.83886
1.8613
2.09288
3.18033
2.23957
3.01773
2.08458
2.30214
2.73805
1.97726
1.56174
2.87335
2.9749
3.05896
2.8477
2.95731
2.03993
2.22216
2.62999
2.58387
1.54162
1.91849
2.08049
2.13224
1.78002
2.60771
2.77206
2.01995
2.88966
2.7207
3.12297
2.91179
3.03174
1.44665
3.10364
1.46775
2.24838
2.86572
1.8203
2.64666
1.03755
1.99463
2.82468
2.08091
3.08326
2.57393
3.19941
2.53447
1.13594
2.65256
1.85542
3.0728
2.35053
3.04972
1.78503
2.22531
1.21658
3.13922
2.59934
2.12156
1.91785
1.07418
2.3063
3.21731
2.88096
2.35706
3.06026
1.21827
2.71858
2.91112
3.06013
2.66702
2.09309
1.3531
2.24967
3.06828
1.06059
3.09836
1.5543
2.8151
2.58472
2.05226
2.73844
3.07984
3.15999
2.82474
1.89206
2.1636
2.40102
2.98909
2.37757
2.96395
2.94646
1.25572
2.7022
2.43259
2.43189
3.13374
1.22491
2.81965
2.27641
1.38444
3.08488
2.85259
3.07877
3.11563
3.02575
1.70452
3.1579
1.88008
3.17081
2.25296
1.28363
3.16482
1.89795
1.96837
2.91276
3.21624
3.07553
1.93333
1.56804
2.34812
2.49736
2.77276
1.26344
2.8606
2.6545
2.77922
2.88086
2.97451
2.74758
3.1802
2.6623
2.83606
2.24828
0.994161
3.0945
2.64533
2.90955
2.29378
2.81827
3.21159
2.02129
3.10662
2.36356
2.90987
2.37946
3.00439
2.90958
2.50184
2.92927
2.17865
2.59745
2.49531
2.61312
1.26498
2.10144
2.41477
1.5036
1.41668
1.13399
2.8826
3.17732
2.35717
3.04757
3.02634
2.67574
2.03482
3.21959
1.75961
2.57786
2.97089
1.08529
2.25261
1.90679
2.16868
2.29845
1.024
2.97108
2.77293
2.62557
1.68081
2.19492
2.55011
2.85673
1.9071
1.19439
2.25563
3.10484
2.28355
2.99151
2.59263
2.43884
3.14714
3.0719
2.96856
2.90393
2.06356
1.96239
2.97111
2.8442
2.61457
1.12832
2.35044
2.73883
2.70409
3.06394
2.9063
2.86785
2.28458
2.28114
2.34524
2.41942
2.2889
1.05222
1.35199
1.11355
1.1671
1.63806
2.98578
2.61264
3.04579
2.38572
1.91046
2.26849
2.04161
3.16898
2.10502
3.02459
2.83649
2.71794
2.93341
1.64724
2.53638
3.17143
1.08669
3.15033
2.56335
2.98232
2.38126
1.72083
2.78963
3.0464
1.20339
2.95633
2.615
3.12451
2.08979
2.55883
2.53285
2.48374
2.52855
2.5526
2.3191
3.01605
2.32548
2.1312
3.0868
1.76982
1.25411
3.20705
2.56987
3.10432
1.84744
3.13814
3.05599
3.05729
1.65039
2.63294
2.5343
1.69168
2.90256
2.84764
3.05968
2.82944
3.1231
3.22713
1.21907
3.18635
2.10512
2.64801
2.09903
3.14999
2.23103
3.20462
1.8631
2.7122
2.66738
3.04971
1.47035
1.90026
3.05641
2.5601
1.94829
2.0755
2.8388
2.75708
1.09011
2.83231
2.53735
3.12937
1.57564
3.17303
2.28342
2.56722
3.11811
2.65339
2.77116
2.52997
3.1423
3.05859
1.08083
2.48102
1.42439
3.17221
2.48438
2.74328
2.9468
2.10743
2.87797
2.20372
3.22454
2.3976
1.58519
3.08374
2.43988
1.81474
2.52349
3.11201
3.1517
2.46799
1.96161
2.78397
2.842
1.2349
1.96455
2.82482
1.48514
2.87916
2.82621
1.08533
2.68504
1.421
2.99109
2.96715
1.91961
1.65352
2.71401
2.30705
2.17003
2.93979
3.1971
2.1184
3.11172
2.69773
2.23892
2.92493
2.60015
3.15829
2.69865
2.93067
2.42924
2.77565
2.5319
3.11755
3.12554
2.68395
1.07428
2.74794
2.11058
2.60207
1.64385
2.53585
2.95849
2.03802
3.1929
1.41762
2.71736
3.08959
3.08333
1.86887
3.20216
3.14808
2.94595
3.0781
2.96365
2.20298
2.52782
2.76208
1.06088
1.74762
2.17766
2.63181
3.15293
2.95417
2.11291
3.12345
2.50507
3.13295
3.1163
2.6194
2.26613
1.79774
2.92524
2.74653
2.49936
1.77964
2.96825
2.21708
2.89881
2.8485
2.51392
1.24045
3.17884
1.39652
2.70953
2.26723
2.0199
2.87523
2.38088
3.22264
1.9939
1.18326
1.99914
3.18205
2.87269
2.71268
1.64385
3.23111
1.67834
1.91422
3.1193
2.2259
2.38869
2.26783
1.60862
2.13563
2.22961
1.25844
3.1543
2.90795
3.19371
2.62194
1.86001
2.59402
2.49609
2.21931
2.5703
2.14717
2.82466
3.22134
2.08714
2.97904
2.11139
2.63308
2.12202
3.05282
2.88718
2.41449
2.15673
3.03646
1.54965
2.88396
1.10514
2.88473
3.20531
2.27886
1.79096
1.93526
0.982918
2.9479
2.8729
1.87227
1.99228
3.092
2.89785
3.05175
1.32331
3.23022
3.00649
2.14251
2.80576
1.97202
2.64005
2.26427
1.09426
2.26355
2.898
3.12678
2.44943
2.92639
2.75753
2.60389
2.93034
3.18954
2.10641
2.97954
2.27498
2.94689
2.3103
3.20923
1.31152
2.83446
2.84235
2.05736
3.16825
1.1132
1.81263
1.90049
1.31841
3.02964
1.95726
2.31661
2.80931
2.5903
1.45365
2.64703
3.10286
2.61967
1.17337
1.91567
2.65889
3.20773
2.52753
3.19035
2.63587
2.83973
1.24576
1.51056
2.24316
2.3264
1.97559
2.47295
2.58233
1.6252
1.80529
2.68063
2.65267
3.21933
1.28671
3.22569
2.55743
3.13849
2.36449
2.51757
2.51188
1.87487
2.09153
2.8975
1.83901
2.30127
2.89998
3.0987
2.81252
2.59712
2.47928
2.58144
2.15178
2.06238
2.11527
2.81048
2.37793
3.06264
3.04443
2.79139
2.80305
3.18647
2.7465
2.96465
2.41481
2.33184
2.97113
1.89029
1.77627
3.13696
2.91285
3.07389
1.91447
1.01979
1.84272
3.11099
2.93823
1.49737
3.07532
1.29016
2.90225
2.55483
2.31856
1.77046
2.40615
2.27805
1.94582
3.08027
2.6894
2.72625
2.82194
3.20734
2.13527
2.23104
2.88294
1.93921
3.18653
1.23061
3.1555
2.98668
2.02592
3.13353
3.20135
0.938913
1.95904
2.70282
2.9939
2.81126
2.24094
1.2133
3.02381
3.19577
2.23453
3.20114
1.61018
3.11504
3.04809
1.82995
1.0619
1.16343
2.77015
2.15674
2.46018
1.13601
2.09707
2.93832
2.90386
3.21968
1.9794
3.11673
1.22076
2.95591
2.90341
2.27001
1.09402
2.92295
1.4779
2.91048
2.49603
3.22659
3.12871
3.08311
2.52292
1.48102
2.0108
2.61706
2.57508
3.21537
2.73797
3.13518
2.95042
3.10266
3.10799
2.90947
1.88836
2.45806
1.42708
3.08322
3.05886
2.13829
2.71093
1.81057
3.17309
2.41516
3.11598
3.02521
2.0302
3.04621
1.4467
2.90842
2.25601
2.72954
1.9194
2.49522
2.34722
3.09223
2.82312
3.00132
2.93709
3.21105
2.17582
1.25572
2.7526
2.63513
2.1813
2.5805
3.02263
2.1766
2.94365
1.12655
3.17658
2.92851
2.89736
1.22937
1.47268
3.0728
1.81762
3.14193
3.07822
2.8882
2.64033
2.33689
2.26239
3.08797
2.24261
3.02373
3.03982
3.0667
2.27448
2.52994
2.62662
1.91402
3.21173
3.18014
2.97926
2.98681
3.21011
2.64487
2.99721
3.18686
2.53966
2.76082
3.07394
1.64915
2.12349
1.89498
3.07844
2.15622
3.0238
2.30042
2.62117
1.82021
2.41455
1.1398
2.79212
2.84965
2.29798
2.28209
3.21228
2.79117
2.50836
2.92665
2.65308
3.16372
1.40764
2.91751
1.68242
2.28859
3.20678
2.13634
3.06739
1.90801
0.98863
2.86674
2.49283
2.89369
2.51851
3.0438
2.09502
1.36342
1.3659
2.71152
3.06511
3.18984
2.8997
2.84461
1.85959
2.33894
2.24791
2.77044
2.55487
2.74593
2.12316
2.8404
2.52892
2.61786
2.67621
1.55843
3.10523
3.16526
2.69995
3.0157
3.22155
1.83759
2.81806
2.78039
2.07763
2.10972
2.72425
1.41289
1.09785
3.03105
3.17457
1.97798
2.21453
3.18058
3.18954
2.19748
2.72057
1.88015
2.32682
3.16562
2.58846
3.16181
3.00985
1.51445
3.21536
3.07218
2.32177
2.41661
2.53249
2.57529
2.84256
3.10037
1.10959
2.24701
2.94535
3.04175
2.89423
2.41593
1.24056
2.35593
1.92892
1.02533
3.18205
3.19833
3.22984
2.79089
2.42684
3.21439
1.82617
2.92488
3.05931
2.18531
1.81256
2.36819
2.96644
2.43709
1.04454
1.91599
2.86255
1.92853
2.6471
1.50038
1.79247
3.1761
2.34005
2.54062
1.83221
2.19885
2.68663
2.36233
3.06363
2.77548
2.71837
2.75982
2.85255
3.06513
1.74505
2.04867
3.20202
2.6656
3.18231
1.40257
1.29885
2.85764
2.30768
3.00661
3.21038
3.09972
2.00348
2.00625
3.21673
2.93549
3.19627
1.89382
2.14527
2.82339
2.28454
3.15364
1.18023
2.7664
2.98098
3.02885
2.84359
3.1085
2.60228
1.15179
2.67741
3.09805
2.9439
3.1075
2.67981
2.92666
2.30542
1.39905
3.18908
2.49818
1.62982
2.84402
3.16502
2.97246
2.38329
3.03403
2.64197
2.41321
2.99468
2.22024
0.974758
2.08174
1.50705
1.39363
3.22672
3.1783
2.38519
2.26833
2.08034
1.23417
1.99889
2.68978
1.95248
3.16919
3.02442
1.1566
3.14763
1.7062
2.81325
3.18114
3.12991
2.15011
3.0698
2.24568
2.64598
2.30018
3.11211
3.06159
2.6246
2.84347
2.89909
2.5816
