0.997393 -0.00305955 5.11492e-07
1.99479 0.0014124 1.73834e-07
2.99218 0.000979138 1.0515e-06
3.98957 -0.000271415 1.41281e-06
4.98697 -0.00375498 1.83673e-06
5.98436 -0.00401005 1.60558e-06
6.98175 -0.00217781 1.67519e-06
7.97915 0.00107572 9.90959e-07
8.97654 0.00182985 4.9276e-06
9.97393 0.00108349 5.72248e-06
10.9713 -0.00200436 1.90703e-06
11.9687 -0.000855532 4.43272e-07
12.9661 -0.00218524 1.28209e-06
13.9635 -0.00102976 3.5639e-06
14.9609 0.000470258 1.18934e-06
15.9583 -4.16242e-05 1.52371e-06
16.9557 -7.25358e-05 3.58509e-06
17.9531 -0.000727738 2.26525e-06
18.9505 -0.00103273 3.47658e-06
19.9479 -0.00136535 3.89446e-06
20.9453 0.00145618 3.82059e-06
21.9427 0.000733664 1.00886e-06
22.9401 0.000264581 1.70352e-06
23.9374 0.000592269 8.10709e-07
24.9348 -0.000299109 3.18408e-06
25.9322 0.000661297 9.67094e-07
26.9296 -0.000326912 1.35304e-06
27.927 -0.00234488 2.06476e-06
28.9244 0.000128815 2.78518e-06
29.9218 -0.00209011 3.71799e-06
30.9192 -0.000801304 2.24718e-06
