4.100001,1.558882
4.106007,1.646449
4.112013,1.733078
4.118019,1.818481
4.124025,1.902377
4.130031,1.984491
4.136037,2.064556
4.142043,2.142317
4.148049,2.217531
4.154055,2.289965
4.160061,2.359402
4.166067,2.425641
4.172073,2.488496
4.178079,2.547799
4.184085,2.603399
4.190091,2.655163
4.196097,2.702980
4.202103,2.746756
4.208109,2.786417
4.214115,2.821912
4.220121,2.853207
4.226127,2.880290
4.232133,2.903169
4.238139,2.921870
4.244145,2.936441
4.250151,2.946946
4.256157,2.953470
4.262163,2.956113
4.268169,2.954993
4.274175,2.950244
4.280181,2.942013
4.286187,2.930461
4.292193,2.915763
4.298199,2.898103
4.304205,2.877676
4.310211,2.854685
4.316217,2.829341
4.322223,2.801859
4.328229,2.772461
4.334235,2.741369
4.340241,2.708808
4.346247,2.675003
4.352253,2.640179
4.358259,2.604555
4.364265,2.568351
4.370271,2.531777
4.376277,2.495040
4.382283,2.458339
4.388289,2.421862
4.394295,2.385791
4.400301,2.350295
4.406307,2.315534
4.412313,2.281655
4.418319,2.248791
4.424325,2.217065
4.430331,2.186583
4.436337,2.157440
4.442343,2.129717
4.448349,2.103478
4.454355,2.078776
4.460361,2.055648
4.466367,2.034118
4.472373,2.014196
4.478379,1.995879
4.484385,1.979150
4.490391,1.963982
4.496397,1.950334
4.502403,1.938156
4.508409,1.927386
4.514415,1.917953
4.520421,1.909780
4.526427,1.902777
4.532433,1.896853
4.538439,1.891907
4.544445,1.887836
4.550451,1.884530
4.556457,1.881880
4.562463,1.879773
4.568469,1.878094
4.574475,1.876730
4.580481,1.875570
4.586487,1.874503
4.592493,1.873420
4.598499,1.872218
4.604505,1.870799
4.610511,1.869066
4.616517,1.866933
4.622523,1.864316
4.628529,1.861142
4.634535,1.857343
4.640541,1.852858
4.646547,1.847637
4.652553,1.841636
4.658559,1.834821
4.664565,1.827167
4.670571,1.818655
4.676577,1.809278
4.682583,1.799037
4.688589,1.787938
4.694595,1.775999
4.700602,1.763244
4.706608,1.749706
4.712614,1.735422
4.718620,1.720438
4.724626,1.704805
4.730632,1.688579
4.736638,1.671822
4.742644,1.654599
4.748650,1.636979
4.754656,1.619034
4.760662,1.600837
4.766668,1.582464
4.772674,1.563992
4.778680,1.545495
4.784686,1.527051
4.790692,1.508732
4.796698,1.490612
4.802704,1.472761
4.808710,1.455245
4.814716,1.438128
4.820722,1.421469
4.826728,1.405324
4.832734,1.389741
4.838740,1.374766
4.844746,1.360438
4.850752,1.346790
4.856758,1.333849
4.862764,1.321636
4.868770,1.310167
4.874776,1.299450
4.880782,1.289487
4.886788,1.280274
4.892794,1.271802
4.898800,1.264056
4.904806,1.257013
4.910812,1.250649
4.916818,1.244930
4.922824,1.239822
4.928830,1.235283
4.934836,1.231270
4.940842,1.227735
4.946848,1.224628
4.952854,1.221895
4.958860,1.219483
4.964866,1.217334
4.970872,1.215393
4.976878,1.213601
4.982884,1.211902
4.988890,1.210238
4.994896,1.208556
5.000902,1.206800
5.006908,1.204919
5.012914,1.202864
5.018920,1.200590
5.024926,1.198052
5.030932,1.195212
5.036938,1.192033
5.042944,1.188486
5.048950,1.184543
5.054956,1.180181
5.060962,1.175382
5.066968,1.170135
5.072974,1.164431
5.078980,1.158266
5.084986,1.151643
5.090992,1.144567
5.096998,1.137049
5.103004,1.129105
5.109010,1.120754
5.115016,1.112019
5.121022,1.102928
5.127028,1.093511
5.133034,1.083802
5.139040,1.073837
5.145046,1.063656
5.151052,1.053299
5.157058,1.042808
5.163064,1.032228
5.169070,1.021603
5.175076,1.010977
5.181082,1.000397
5.187088,0.989905
5.193094,0.979547
5.199100,0.969364
5.205106,0.959397
5.211112,0.949685
5.217118,0.940265
5.223124,0.931171
5.229130,0.922435
5.235136,0.914084
5.241142,0.906145
5.247148,0.898637
5.253154,0.891579
5.259160,0.884986
5.265166,0.878867
5.271172,0.873229
5.277178,0.868074
5.283184,0.863400
5.289190,0.859204
5.295196,0.855475
5.301202,0.852201
5.307208,0.849366
5.313214,0.846951
5.319220,0.844933
5.325226,0.843287
5.331232,0.841986
5.337238,0.840999
5.343244,0.840294
5.349250,0.839838
5.355256,0.839595
5.361262,0.839529
5.367268,0.839603
5.373274,0.839780
5.379280,0.840023
5.385286,0.840295
5.391292,0.840560
5.397298,0.840782
5.403304,0.840926
5.409310,0.840962
5.415316,0.840857
5.421322,0.840584
5.427328,0.840115
5.433334,0.839428
5.439340,0.838501
5.445346,0.837317
5.451352,0.835859
5.457358,0.834116
5.463364,0.832079
5.469370,0.829743
5.475376,0.827105
5.481382,0.824167
5.487388,0.820931
5.493394,0.817406
5.499400,0.813602
5.505406,0.809532
5.511412,0.805211
5.517418,0.800659
5.523424,0.795896
5.529430,0.790945
5.535436,0.785832
5.541442,0.780582
5.547448,0.775224
5.553454,0.769788
5.559460,0.764302
5.565466,0.758799
5.571472,0.753309
5.577478,0.747863
5.583484,0.742492
5.589490,0.737226
5.595496,0.732095
5.601502,0.727127
5.607508,0.722349
5.613514,0.717787
5.619520,0.713465
5.625526,0.709404
5.631532,0.705623
5.637538,0.702141
5.643544,0.698972
5.649550,0.696128
5.655556,0.693619
5.661562,0.691452
5.667568,0.689630
5.673574,0.688157
5.679580,0.687029
5.685586,0.686243
5.691592,0.685792
5.697598,0.685667
5.703604,0.685856
5.709610,0.686344
5.715616,0.687116
5.721622,0.688152
5.727628,0.689432
5.733634,0.690935
5.739640,0.692637
5.745646,0.694513
5.751652,0.696537
5.757658,0.698684
5.763664,0.700926
5.769670,0.703237
5.775676,0.705588
5.781682,0.707953
5.787688,0.710306
5.793694,0.712620
5.799700,0.714872
5.805706,0.717036
5.811712,0.719091
5.817718,0.721017
5.823724,0.722793
5.829730,0.724402
5.835736,0.725831
5.841742,0.727064
5.847748,0.728092
5.853754,0.728906
5.859760,0.729499
5.865766,0.729869
5.871772,0.730013
5.877778,0.729932
5.883784,0.729630
5.889790,0.729113
5.895796,0.728388
5.901803,0.727466
5.907809,0.726359
5.913815,0.725081
5.919821,0.723647
5.925827,0.722075
5.931833,0.720384
5.937839,0.718595
5.943845,0.716728
5.949851,0.714805
5.955857,0.712849
5.961863,0.710883
5.967869,0.708930
5.973875,0.707015
5.979881,0.705159
5.985887,0.703386
5.991893,0.701717
5.997899,0.700174
6.003905,0.698777
6.009911,0.697545
6.015917,0.696496
6.021923,0.695646
6.027929,0.695009
6.033935,0.694598
6.039941,0.694424
6.045947,0.694495
6.051953,0.694819
6.057959,0.695401
6.063965,0.696242
6.069971,0.697344
6.075977,0.698704
6.081983,0.700320
6.087989,0.702186
6.093995,0.704293
6.100001,0.706632
6.106007,0.709192
6.112013,0.711960
6.118019,0.714922
6.124025,0.718060
6.130031,0.721358
6.136037,0.724798
6.142043,0.728360
6.148049,0.732024
6.154055,0.735770
6.160061,0.739577
6.166067,0.743423
6.172073,0.747288
6.178079,0.751150
6.184085,0.754990
6.190091,0.758787
6.196097,0.762522
6.202103,0.766177
6.208109,0.769735
6.214115,0.773179
6.220121,0.776496
6.226127,0.779672
6.232133,0.782696
6.238139,0.785557
6.244145,0.788248
6.250151,0.790762
6.256157,0.793096
6.262163,0.795246
6.268169,0.797212
6.274175,0.798995
6.280181,0.800599
6.286187,0.802027
6.292193,0.803288
6.298199,0.804389
6.304205,0.805341
6.310211,0.806154
6.316217,0.806842
6.322223,0.807419
6.328229,0.807900
6.334235,0.808302
6.340241,0.808640
6.346247,0.808934
6.352253,0.809201
6.358259,0.809459
6.364265,0.809728
6.370271,0.810025
6.376277,0.810370
6.382283,0.810781
6.388289,0.811274
6.394295,0.811867
6.400301,0.812576
6.406307,0.813416
6.412313,0.814401
6.418319,0.815544
6.424325,0.816855
6.430331,0.818347
6.436337,0.820025
6.442343,0.821899
6.448349,0.823972
6.454355,0.826249
6.460361,0.828732
6.466367,0.831421
6.472373,0.834314
6.478379,0.837408
6.484385,0.840700
6.490391,0.844182
6.496397,0.847846
6.502403,0.851684
6.508409,0.855685
6.514415,0.859837
6.520421,0.864127
6.526427,0.868541
6.532433,0.873065
6.538439,0.877682
6.544445,0.882377
6.550451,0.887134
6.556457,0.891934
6.562463,0.896762
6.568469,0.901600
6.574475,0.906431
6.580481,0.911239
6.586487,0.916007
6.592493,0.920720
6.598499,0.925364
6.604505,0.929923
6.610511,0.934385
6.616517,0.938738
6.622523,0.942971
6.628529,0.947074
6.634535,0.951039
6.640541,0.954860
6.646547,0.958529
6.652553,0.962044
6.658559,0.965401
6.664565,0.968599
6.670571,0.971639
6.676577,0.974521
6.682583,0.977250
6.688589,0.979829
6.694595,0.982263
6.700601,0.984561
6.706607,0.986729
6.712613,0.988777
6.718619,0.990714
6.724625,0.992552
6.730631,0.994301
6.736637,0.995974
6.742643,0.997583
6.748649,0.999141
6.754655,1.000661
6.760661,1.002156
6.766667,1.003639
6.772673,1.005122
6.778679,1.006618
6.784685,1.008138
6.790691,1.009695
6.796697,1.011299
6.802703,1.012959
6.808709,1.014685
6.814715,1.016484
6.820721,1.018363
6.826727,1.020328
6.832733,1.022383
6.838739,1.024532
6.844745,1.026777
6.850751,1.029118
6.856757,1.031555
6.862763,1.034085
6.868769,1.036706
6.874775,1.039412
6.880781,1.042199
6.886787,1.045059
6.892793,1.047985
6.898799,1.050967
6.904805,1.053995
6.910811,1.057058
6.916817,1.060145
6.922823,1.063244
6.928829,1.066341
6.934835,1.069424
6.940841,1.072478
6.946847,1.075491
6.952853,1.078448
6.958859,1.081335
6.964865,1.084140
6.970871,1.086849
6.976877,1.089448
6.982883,1.091927
6.988889,1.094272
6.994895,1.096475
7.000901,1.098524
7.006907,1.100410
7.012913,1.102126
7.018919,1.103666
7.024925,1.105022
7.030931,1.106192
7.036937,1.107171
7.042943,1.107958
7.048949,1.108552
7.054955,1.108955
7.060961,1.109168
7.066967,1.109195
7.072973,1.109039
7.078979,1.108709
7.084985,1.108209
7.090991,1.107549
7.096997,1.106737
7.103004,1.105784
7.109010,1.104701
7.115016,1.103499
7.121022,1.102192
7.127028,1.100791
7.133034,1.099311
7.139040,1.097766
7.145046,1.096169
7.151052,1.094535
7.157058,1.092878
7.163064,1.091211
7.169070,1.089550
7.175076,1.087906
7.181082,1.086293
7.187088,1.084724
7.193094,1.083209
7.199100,1.081760
7.205106,1.080387
7.211112,1.079099
7.217118,1.077903
7.223124,1.076808
7.229130,1.075818
7.235136,1.074939
7.241142,1.074174
7.247148,1.073525
7.253154,1.072994
7.259160,1.072580
7.265166,1.072282
7.271172,1.072098
7.277178,1.072023
7.283184,1.072055
7.289190,1.072185
7.295196,1.072409
7.301202,1.072718
7.307208,1.073105
7.313214,1.073559
7.319220,1.074072
7.325226,1.074633
7.331232,1.075231
7.337238,1.075855
7.343244,1.076494
7.349250,1.077137
7.355256,1.077773
7.361262,1.078390
7.367268,1.078976
7.373274,1.079522
7.379280,1.080018
7.385286,1.080452
7.391292,1.080817
7.397298,1.081103
7.403304,1.081303
7.409310,1.081411
7.415316,1.081419
7.421322,1.081324
7.427328,1.081120
7.433334,1.080806
7.439340,1.080378
7.445346,1.079837
7.451352,1.079183
7.457358,1.078416
7.463364,1.077539
7.469370,1.076556
7.475376,1.075471
7.481382,1.074289
7.487388,1.073016
7.493394,1.071660
7.499400,1.070229
7.505406,1.068731
7.511412,1.067174
7.517418,1.065570
7.523424,1.063928
7.529430,1.062258
7.535436,1.060572
7.541442,1.058880
7.547448,1.057194
7.553454,1.055524
7.559460,1.053881
7.565466,1.052275
7.571472,1.050718
7.577478,1.049218
7.583484,1.047785
7.589490,1.046427
7.595496,1.045153
7.601502,1.043970
7.607508,1.042884
7.613514,1.041901
7.619520,1.041025
7.625526,1.040260
7.631532,1.039609
7.637538,1.039074
7.643544,1.038654
7.649550,1.038351
7.655556,1.038162
7.661562,1.038085
7.667568,1.038117
7.673574,1.038254
7.679580,1.038491
7.685586,1.038820
7.691592,1.039237
7.697598,1.039733
7.703604,1.040300
7.709610,1.040929
7.715616,1.041612
7.721622,1.042338
7.727628,1.043098
7.733634,1.043882
7.739640,1.044678
7.745646,1.045478
7.751652,1.046270
7.757658,1.047045
7.763664,1.047792
7.769670,1.048502
7.775676,1.049166
7.781682,1.049775
7.787688,1.050322
7.793694,1.050798
7.799700,1.051196
7.805706,1.051512
7.811712,1.051740
7.817718,1.051874
7.823724,1.051913
7.829730,1.051854
7.835736,1.051694
7.841742,1.051433
7.847748,1.051072
7.853754,1.050612
7.859760,1.050055
7.865766,1.049404
7.871772,1.048663
7.877778,1.047838
7.883784,1.046932
7.889790,1.045954
7.895796,1.044909
7.901802,1.043805
7.907808,1.042651
7.913814,1.041454
7.919820,1.040225
7.925826,1.038971
7.931832,1.037703
7.937838,1.036429
7.943844,1.035160
7.949850,1.033905
7.955856,1.032673
7.961862,1.031473
7.967868,1.030314
7.973874,1.029204
7.979880,1.028152
7.985886,1.027165
7.991892,1.026249
7.997898,1.025410
8.003904,1.024654
8.009910,1.023986
8.015916,1.023409
8.021922,1.022927
8.027928,1.022541
8.033934,1.022253
8.039940,1.022063
8.045946,1.021970
8.051952,1.021974
8.057958,1.022071
8.063964,1.022260
8.069970,1.022535
8.075976,1.022893
8.081982,1.023328
8.087988,1.023833
8.093994,1.024403
8.100000,1.025031
8.106006,1.025707
8.112012,1.026426
8.118018,1.027177
8.124024,1.027953
8.130030,1.028744
8.136036,1.029542
8.142042,1.030337
8.148048,1.031122
8.154054,1.031886
8.160060,1.032623
8.166066,1.033323
8.172072,1.033978
8.178078,1.034582
8.184084,1.035127
8.190090,1.035608
8.196096,1.036018
8.202102,1.036353
8.208108,1.036608
8.214114,1.036780
8.220120,1.036866
8.226126,1.036864
8.232132,1.036773
8.238138,1.036593
8.244144,1.036325
8.250150,1.035969
8.256156,1.035528
8.262162,1.035004
8.268168,1.034402
8.274174,1.033725
8.280180,1.032979
8.286186,1.032169
8.292192,1.031302
8.298198,1.030383
8.304205,1.029421
8.310211,1.028422
8.316217,1.027394
8.322223,1.026346
8.328229,1.025285
8.334235,1.024219
8.340241,1.023157
8.346247,1.022107
8.352253,1.021076
8.358259,1.020072
8.364265,1.019104
8.370271,1.018176
8.376277,1.017298
8.382283,1.016473
8.388289,1.015709
8.394295,1.015009
8.400301,1.014379
8.406307,1.013822
8.412313,1.013340
8.418319,1.012937
8.424325,1.012613
8.430331,1.012369
8.436337,1.012205
8.442343,1.012121
8.448349,1.012114
8.454355,1.012183
8.460361,1.012324
8.466367,1.012534
8.472373,1.012808
8.478379,1.013142
8.484385,1.013529
8.490391,1.013965
8.496397,1.014441
8.502403,1.014953
8.508409,1.015491
8.514415,1.016050
8.520421,1.016621
8.526427,1.017197
8.532433,1.017769
8.538439,1.018331
8.544445,1.018874
8.550451,1.019392
8.556457,1.019876
8.562463,1.020320
8.568469,1.020717
8.574475,1.021062
8.580481,1.021348
8.586487,1.021570
8.592493,1.021724
8.598499,1.021806
8.604505,1.021813
8.610511,1.021741
8.616517,1.021589
8.622523,1.021356
8.628529,1.021041
8.634535,1.020644
8.640541,1.020166
8.646547,1.019610
8.652553,1.018976
8.658559,1.018269
8.664565,1.017491
8.670571,1.016647
8.676577,1.015742
8.682583,1.014780
8.688589,1.013769
8.694595,1.012713
8.700601,1.011619
8.706607,1.010495
8.712613,1.009347
8.718619,1.008182
8.724625,1.007007
8.730631,1.005830
8.736637,1.004659
8.742643,1.003499
8.748649,1.002359
8.754655,1.001245
8.760661,1.000163
8.766667,0.999119
8.772673,0.998120
8.778679,0.997170
8.784685,0.996274
8.790691,0.995437
8.796697,0.994661
8.802703,0.993950
8.808709,0.993307
8.814715,0.992733
8.820721,0.992228
8.826727,0.991794
8.832733,0.991430
8.838739,0.991135
8.844745,0.990907
8.850751,0.990745
8.856757,0.990645
8.862763,0.990604
8.868769,0.990617
8.874775,0.990681
8.880781,0.990790
8.886787,0.990939
8.892793,0.991121
8.898799,0.991332
8.904805,0.991564
8.910811,0.991811
8.916817,0.992067
8.922823,0.992324
8.928829,0.992576
8.934835,0.992817
8.940841,0.993039
8.946847,0.993236
8.952853,0.993402
8.958859,0.993531
8.964865,0.993618
8.970871,0.993658
8.976877,0.993645
8.982883,0.993577
8.988889,0.993448
8.994895,0.993257
9.000901,0.993000
9.006907,0.992676
9.012913,0.992283
9.018919,0.991821
9.024925,0.991290
9.030931,0.990690
9.036937,0.990024
9.042943,0.989292
9.048949,0.988497
9.054955,0.987642
9.060961,0.986732
9.066967,0.985769
9.072973,0.984759
9.078979,0.983707
9.084985,0.982619
9.090991,0.981499
9.096997,0.980354
9.103003,0.979191
9.109009,0.978016
9.115015,0.976834
9.121021,0.975654
9.127027,0.974482
9.133033,0.973324
9.139039,0.972186
9.145045,0.971075
9.151051,0.969997
9.157057,0.968957
9.163063,0.967962
9.169069,0.967014
9.175075,0.966121
9.181081,0.965284
9.187087,0.964509
9.193093,0.963797
9.199099,0.963152
9.205105,0.962575
9.211111,0.962067
9.217117,0.961629
9.223123,0.961262
9.229129,0.960964
9.235135,0.960735
9.241141,0.960572
9.247147,0.960474
9.253153,0.960437
9.259159,0.960458
9.265165,0.960534
9.271171,0.960659
9.277177,0.960830
9.283183,0.961042
9.289189,0.961288
9.295195,0.961564
9.301201,0.961863
9.307207,0.962180
9.313213,0.962508
9.319219,0.962842
9.325225,0.963175
9.331231,0.963502
9.337237,0.963816
9.343243,0.964112
9.349249,0.964384
9.355255,0.964628
9.361261,0.964838
9.367267,0.965011
9.373273,0.965141
9.379279,0.965226
9.385285,0.965262
9.391291,0.965248
9.397297,0.965180
9.403303,0.965057
9.409309,0.964879
9.415315,0.964646
9.421321,0.964356
9.427327,0.964012
9.433333,0.963615
9.439339,0.963166
9.445345,0.962668
9.451351,0.962124
9.457357,0.961538
9.463363,0.960912
9.469369,0.960253
9.475375,0.959564
9.481381,0.958849
9.487387,0.958116
9.493393,0.957368
9.499399,0.956612
9.505406,0.955854
9.511412,0.955098
9.517418,0.954352
9.523424,0.953621
9.529430,0.952911
9.535436,0.952226
9.541442,0.951574
9.547448,0.950959
9.553454,0.950385
9.559460,0.949858
9.565466,0.949382
9.571472,0.948959
9.577478,0.948595
9.583484,0.948291
9.589490,0.948050
9.595496,0.947874
9.601502,0.947763
9.607508,0.947720
9.613514,0.947744
9.619520,0.947834
9.625526,0.947990
9.631532,0.948211
9.637538,0.948494
9.643544,0.948838
9.649550,0.949239
9.655556,0.949693
9.661562,0.950198
9.667568,0.950749
9.673574,0.951341
9.679580,0.951970
9.685586,0.952631
9.691592,0.953319
9.697598,0.954027
9.703604,0.954751
9.709610,0.955486
9.715616,0.956224
9.721622,0.956962
9.727628,0.957693
9.733634,0.958412
9.739640,0.959115
9.745646,0.959796
9.751652,0.960450
9.757658,0.961074
9.763664,0.961663
9.769670,0.962215
9.775676,0.962726
9.781682,0.963193
9.787688,0.963614
9.793694,0.963987
9.799700,0.964313
9.805706,0.964589
9.811712,0.964815
9.817718,0.964993
9.823724,0.965123
9.829730,0.965206
9.835736,0.965244
9.841742,0.965240
9.847748,0.965196
9.853754,0.965116
9.859760,0.965004
9.865766,0.964862
9.871772,0.964696
9.877778,0.964510
9.883784,0.964309
9.889790,0.964098
9.895796,0.963881
9.901802,0.963664
9.907808,0.963452
9.913814,0.963250
9.919820,0.963064
9.925826,0.962898
9.931832,0.962758
9.937838,0.962647
9.943844,0.962571
9.949850,0.962533
9.955856,0.962537
9.961862,0.962587
9.967868,0.962686
9.973874,0.962837
9.979880,0.963041
9.985886,0.963300
9.991892,0.963616
9.997898,0.963990
10.003904,0.964421
10.009910,0.964909
10.015916,0.965455
10.021922,0.966056
10.027928,0.966711
10.033934,0.967418
10.039940,0.968174
10.045946,0.968976
10.051952,0.969821
10.057958,0.970706
10.063964,0.971625
10.069970,0.972575
10.075976,0.973551
10.081982,0.974548
10.087988,0.975561
10.093994,0.976586
10.100000,0.977617
