2.950001,1.392314
2.956007,1.471886
2.962013,1.550634
2.968019,1.628297
2.974025,1.704617
2.980031,1.779343
2.986037,1.852233
2.992043,1.923053
2.998049,1.991580
3.004055,2.057604
3.010061,2.120927
3.016067,2.181364
3.022073,2.238748
3.028079,2.292925
3.034085,2.343758
3.040091,2.391127
3.046097,2.434931
3.052103,2.475085
3.058109,2.511525
3.064115,2.544202
3.070121,2.573088
3.076127,2.598174
3.082133,2.619467
3.088139,2.636993
3.094145,2.650798
3.100151,2.660941
3.106157,2.667500
3.112163,2.670570
3.118169,2.670258
3.124175,2.666688
3.130181,2.659994
3.136187,2.650327
3.142193,2.637844
3.148199,2.622716
3.154205,2.605119
3.160211,2.585241
3.166217,2.563273
3.172223,2.539412
3.178229,2.513858
3.184235,2.486815
3.190241,2.458486
3.196247,2.429077
3.202253,2.398789
3.208259,2.367823
3.214265,2.336375
3.220271,2.304636
3.226277,2.272792
3.232283,2.241020
3.238289,2.209490
3.244295,2.178365
3.250301,2.147796
3.256307,2.117924
3.262313,2.088878
3.268319,2.060779
3.274325,2.033731
3.280331,2.007830
3.286337,1.983156
3.292343,1.959779
3.298349,1.937753
3.304355,1.917123
3.310361,1.897916
3.316367,1.880152
3.322373,1.863835
3.328379,1.848958
3.334385,1.835502
3.340391,1.823438
3.346397,1.812727
3.352403,1.803318
3.358409,1.795152
3.364415,1.788164
3.370421,1.782277
3.376427,1.777411
3.382433,1.773479
3.388439,1.770389
3.394445,1.768045
3.400451,1.766347
3.406457,1.765194
3.412463,1.764484
3.418469,1.764114
3.424475,1.763981
3.430481,1.763984
3.436487,1.764023
3.442493,1.764004
3.448499,1.763832
3.454505,1.763421
3.460511,1.762687
3.466517,1.761553
3.472523,1.759947
3.478529,1.757805
3.484535,1.755068
3.490541,1.751686
3.496547,1.747616
3.502553,1.742823
3.508559,1.737280
3.514565,1.730966
3.520571,1.723871
3.526577,1.715990
3.532583,1.707327
3.538589,1.697895
3.544595,1.687711
3.550602,1.676801
3.556608,1.665196
3.562614,1.652936
3.568620,1.640063
3.574626,1.626627
3.580632,1.612680
3.586638,1.598281
3.592644,1.583489
3.598650,1.568370
3.604656,1.552987
3.610662,1.537410
3.616668,1.521706
3.622674,1.505944
3.628680,1.490192
3.634686,1.474519
3.640692,1.458989
3.646698,1.443667
3.652704,1.428615
3.658710,1.413890
3.664716,1.399549
3.670722,1.385640
3.676728,1.372213
3.682734,1.359307
3.688740,1.346961
3.694746,1.335206
3.700752,1.324068
3.706758,1.313569
3.712764,1.303724
3.718770,1.294542
3.724776,1.286028
3.730782,1.278180
3.736788,1.270990
3.742794,1.264447
3.748800,1.258533
3.754806,1.253225
3.760812,1.248497
3.766818,1.244318
3.772824,1.240651
3.778830,1.237459
3.784836,1.234700
3.790842,1.232328
3.796848,1.230297
3.802854,1.228559
3.808860,1.227062
3.814866,1.225757
3.820872,1.224590
3.826878,1.223512
3.832884,1.222472
3.838890,1.221418
3.844896,1.220303
3.850902,1.219079
3.856908,1.217703
3.862914,1.216131
3.868920,1.214325
3.874926,1.212249
3.880932,1.209870
3.886938,1.207160
3.892944,1.204093
3.898950,1.200648
3.904956,1.196810
3.910962,1.192565
3.916968,1.187906
3.922974,1.182829
3.928980,1.177335
3.934986,1.171429
3.940992,1.165119
3.946998,1.158419
3.953004,1.151346
3.959010,1.143921
3.965016,1.136166
3.971022,1.128110
3.977028,1.119783
3.983034,1.111215
3.989040,1.102444
3.995046,1.093503
4.001052,1.084433
4.007058,1.075271
4.013064,1.066058
4.019070,1.056833
4.025076,1.047638
4.031082,1.038512
4.037088,1.029493
4.043094,1.020621
4.049100,1.011932
4.055106,1.003461
4.061112,0.995240
4.067118,0.987302
4.073124,0.979673
4.079130,0.972380
4.085136,0.965445
4.091142,0.958887
4.097148,0.952723
4.103154,0.946965
4.109160,0.941622
4.115166,0.936700
4.121172,0.932202
4.127178,0.928127
4.133184,0.924469
4.139190,0.921221
4.145196,0.918371
4.151202,0.915905
4.157208,0.913807
4.163214,0.912055
4.169220,0.910628
4.175226,0.909500
4.181232,0.908645
4.187238,0.908034
4.193244,0.907636
4.199250,0.907421
4.205256,0.907356
4.211262,0.907408
4.217268,0.907544
4.223274,0.907730
4.229280,0.907934
4.235286,0.908123
4.241292,0.908267
4.247298,0.908333
4.253304,0.908295
4.259310,0.908123
4.265316,0.907794
4.271322,0.907283
4.277328,0.906570
4.283334,0.905637
4.289340,0.904467
4.295346,0.903047
4.301352,0.901367
4.307358,0.899419
4.313364,0.897200
4.319370,0.894706
4.325376,0.891939
4.331382,0.888904
4.337388,0.885607
4.343394,0.882057
4.349400,0.878268
4.355406,0.874253
4.361412,0.870029
4.367418,0.865615
4.373424,0.861033
4.379430,0.856304
4.385436,0.851453
4.391442,0.846505
4.397448,0.841486
4.403454,0.836424
4.409460,0.831345
4.415466,0.826279
4.421472,0.821252
4.427478,0.816291
4.433484,0.811425
4.439490,0.806678
4.445496,0.802077
4.451502,0.797645
4.457508,0.793405
4.463514,0.789377
4.469520,0.785581
4.475526,0.782034
4.481532,0.778750
4.487538,0.775743
4.493544,0.773024
4.499550,0.770600
4.505556,0.768477
4.511562,0.766658
4.517568,0.765144
4.523574,0.763934
4.529580,0.763023
4.535586,0.762404
4.541592,0.762069
4.547598,0.762007
4.553604,0.762205
4.559610,0.762647
4.565616,0.763317
4.571622,0.764197
4.577628,0.765266
4.583634,0.766505
4.589640,0.767889
4.595646,0.769398
4.601652,0.771006
4.607658,0.772691
4.613664,0.774428
4.619670,0.776192
4.625676,0.777962
4.631682,0.779712
4.637688,0.781420
4.643694,0.783065
4.649700,0.784626
4.655706,0.786084
4.661712,0.787421
4.667718,0.788620
4.673724,0.789666
4.679730,0.790547
4.685736,0.791252
4.691742,0.791773
4.697748,0.792101
4.703754,0.792232
4.709760,0.792165
4.715766,0.791897
4.721772,0.791432
4.727778,0.790772
4.733784,0.789925
4.739790,0.788896
4.745796,0.787697
4.751803,0.786338
4.757809,0.784832
4.763815,0.783195
4.769821,0.781443
4.775827,0.779591
4.781833,0.777660
4.787839,0.775667
4.793845,0.773632
4.799851,0.771577
4.805857,0.769521
4.811863,0.767486
4.817869,0.765491
4.823875,0.763557
4.829881,0.761705
4.835887,0.759953
4.841893,0.758320
4.847899,0.756824
4.853905,0.755480
4.859911,0.754304
4.865917,0.753309
4.871923,0.752508
4.877929,0.751912
4.883935,0.751529
4.889941,0.751366
4.895947,0.751428
4.901953,0.751720
4.907959,0.752241
4.913965,0.752993
4.919971,0.753973
4.925977,0.755177
4.931983,0.756598
4.937989,0.758230
4.943995,0.760063
4.950001,0.762086
4.956007,0.764288
4.962013,0.766654
4.968019,0.769171
4.974025,0.771822
4.980031,0.774590
4.986037,0.777459
4.992043,0.780410
4.998049,0.783425
5.004055,0.786486
5.010061,0.789573
5.016067,0.792669
5.022073,0.795755
5.028079,0.798813
5.034085,0.801826
5.040091,0.804777
5.046097,0.807651
5.052103,0.810434
5.058109,0.813111
5.064115,0.815671
5.070121,0.818102
5.076127,0.820396
5.082133,0.822544
5.088139,0.824541
5.094145,0.826381
5.100151,0.828062
5.106157,0.829583
5.112163,0.830943
5.118169,0.832144
5.124175,0.833191
5.130181,0.834089
5.136187,0.834844
5.142193,0.835464
5.148199,0.835960
5.154205,0.836341
5.160211,0.836621
5.166217,0.836811
5.172223,0.836926
5.178229,0.836981
5.184235,0.836990
5.190241,0.836970
5.196247,0.836937
5.202253,0.836907
5.208259,0.836896
5.214265,0.836921
5.220271,0.836998
5.226277,0.837143
5.232283,0.837370
5.238289,0.837694
5.244295,0.838129
5.250301,0.838687
5.256307,0.839380
5.262313,0.840218
5.268319,0.841210
5.274325,0.842365
5.280331,0.843690
5.286337,0.845188
5.292343,0.846865
5.298349,0.848722
5.304355,0.850760
5.310361,0.852979
5.316367,0.855375
5.322373,0.857946
5.328379,0.860687
5.334385,0.863590
5.340391,0.866649
5.346397,0.869854
5.352403,0.873196
5.358409,0.876662
5.364415,0.880243
5.370421,0.883923
5.376427,0.887691
5.382433,0.891532
5.388439,0.895432
5.394445,0.899375
5.400451,0.903348
5.406457,0.907334
5.412463,0.911320
5.418469,0.915291
5.424475,0.919231
5.430481,0.923129
5.436487,0.926969
5.442493,0.930741
5.448499,0.934432
5.454505,0.938031
5.460511,0.941529
5.466517,0.944917
5.472523,0.948187
5.478529,0.951334
5.484535,0.954352
5.490541,0.957237
5.496547,0.959986
5.502553,0.962598
5.508559,0.965074
5.514565,0.967414
5.520571,0.969621
5.526577,0.971699
5.532583,0.973652
5.538589,0.975486
5.544595,0.977209
5.550601,0.978827
5.556607,0.980351
5.562613,0.981789
5.568619,0.983150
5.574625,0.984447
5.580631,0.985690
5.586637,0.986890
5.592643,0.988059
5.598649,0.989208
5.604655,0.990349
5.610661,0.991493
5.616667,0.992652
5.622673,0.993836
5.628679,0.995055
5.634685,0.996320
5.640691,0.997638
5.646697,0.999018
5.652703,1.000468
5.658709,1.001994
5.664715,1.003600
5.670721,1.005292
5.676727,1.007073
5.682733,1.008944
5.688739,1.010907
5.694745,1.012960
5.700751,1.015104
5.706757,1.017335
5.712763,1.019650
5.718769,1.022043
5.724775,1.024510
5.730781,1.027042
5.736787,1.029633
5.742793,1.032274
5.748799,1.034955
5.754805,1.037667
5.760811,1.040398
5.766817,1.043137
5.772823,1.045873
5.778829,1.048594
5.784835,1.051288
5.790841,1.053942
5.796847,1.056544
5.802853,1.059083
5.808859,1.061546
5.814865,1.063923
5.820871,1.066201
5.826877,1.068372
5.832883,1.070424
5.838889,1.072350
5.844895,1.074140
5.850901,1.075788
5.856907,1.077287
5.862913,1.078632
5.868919,1.079819
5.874925,1.080845
5.880931,1.081707
5.886937,1.082405
5.892943,1.082938
5.898949,1.083309
5.904955,1.083520
5.910961,1.083575
5.916967,1.083478
5.922973,1.083235
5.928979,1.082853
5.934985,1.082339
5.940991,1.081702
5.946997,1.080952
5.953004,1.080098
5.959010,1.079151
5.965016,1.078122
5.971022,1.077023
5.977028,1.075865
5.983034,1.074660
5.989040,1.073422
5.995046,1.072161
6.001052,1.070889
6.007058,1.069620
6.013064,1.068364
6.019070,1.067132
6.025076,1.065935
6.031082,1.064784
6.037088,1.063687
6.043094,1.062653
6.049100,1.061691
6.055106,1.060807
6.061112,1.060007
6.067118,1.059296
6.073124,1.058679
6.079130,1.058158
6.085136,1.057736
6.091142,1.057414
6.097148,1.057191
6.103154,1.057067
6.109160,1.057039
6.115166,1.057105
6.121172,1.057260
6.127178,1.057500
6.133184,1.057818
6.139190,1.058208
6.145196,1.058664
6.151202,1.059177
6.157208,1.059738
6.163214,1.060340
6.169220,1.060971
6.175226,1.061624
6.181232,1.062289
6.187238,1.062955
6.193244,1.063612
6.199250,1.064251
6.205256,1.064863
6.211262,1.065438
6.217268,1.065967
6.223274,1.066441
6.229280,1.066853
6.235286,1.067195
6.241292,1.067461
6.247298,1.067645
6.253304,1.067741
6.259310,1.067745
6.265316,1.067653
6.271322,1.067464
6.277328,1.067174
6.283334,1.066785
6.289340,1.066295
6.295346,1.065705
6.301352,1.065019
6.307358,1.064238
6.313364,1.063367
6.319370,1.062410
6.325376,1.061372
6.331382,1.060260
6.337388,1.059081
6.343394,1.057842
6.349400,1.056550
6.355406,1.055215
6.361412,1.053845
6.367418,1.052449
6.373424,1.051037
6.379430,1.049618
6.385436,1.048202
6.391442,1.046798
6.397448,1.045415
6.403454,1.044062
6.409460,1.042749
6.415466,1.041484
6.421472,1.040275
6.427478,1.039130
6.433484,1.038054
6.439490,1.037056
6.445496,1.036139
6.451502,1.035310
6.457508,1.034571
6.463514,1.033927
6.469520,1.033380
6.475526,1.032930
6.481532,1.032579
6.487538,1.032327
6.493544,1.032172
6.499550,1.032113
6.505556,1.032146
6.511562,1.032268
6.517568,1.032475
6.523574,1.032761
6.529580,1.033120
6.535586,1.033547
6.541592,1.034034
6.547598,1.034574
6.553604,1.035158
6.559610,1.035780
6.565616,1.036429
6.571622,1.037098
6.577628,1.037778
6.583634,1.038460
6.589640,1.039134
6.595646,1.039794
6.601652,1.040429
6.607658,1.041032
6.613664,1.041595
6.619670,1.042111
6.625676,1.042572
6.631682,1.042974
6.637688,1.043309
6.643694,1.043572
6.649700,1.043761
6.655706,1.043870
6.661712,1.043897
6.667718,1.043840
6.673724,1.043698
6.679730,1.043470
6.685736,1.043157
6.691742,1.042760
6.697748,1.042281
6.703754,1.041722
6.709760,1.041088
6.715766,1.040381
6.721772,1.039608
6.727778,1.038773
6.733784,1.037884
6.739790,1.036945
6.745796,1.035964
6.751802,1.034949
6.757808,1.033907
6.763814,1.032846
6.769820,1.031774
6.775826,1.030700
6.781832,1.029630
6.787838,1.028574
6.793844,1.027540
6.799850,1.026534
6.805856,1.025565
6.811862,1.024639
6.817868,1.023764
6.823874,1.022945
6.829880,1.022189
6.835886,1.021499
6.841892,1.020882
6.847898,1.020340
6.853904,1.019876
6.859910,1.019494
6.865916,1.019195
6.871922,1.018979
6.877928,1.018847
6.883934,1.018798
6.889940,1.018832
6.895946,1.018945
6.901952,1.019135
6.907958,1.019399
6.913964,1.019733
6.919970,1.020131
6.925976,1.020590
6.931982,1.021102
6.937988,1.021661
6.943994,1.022262
6.950000,1.022897
6.956006,1.023559
6.962012,1.024240
6.968018,1.024934
6.974024,1.025631
6.980030,1.026326
6.986036,1.027010
6.992042,1.027675
6.998048,1.028315
7.004054,1.028923
7.010060,1.029492
7.016066,1.030016
7.022072,1.030490
7.028078,1.030908
7.034084,1.031265
7.040090,1.031558
7.046096,1.031782
7.052102,1.031936
7.058108,1.032017
7.064114,1.032024
7.070120,1.031955
7.076126,1.031811
7.082132,1.031592
7.088138,1.031301
7.094144,1.030937
7.100150,1.030506
7.106156,1.030009
7.112162,1.029450
7.118168,1.028835
7.124174,1.028167
7.130180,1.027453
7.136186,1.026697
7.142192,1.025907
7.148198,1.025089
7.154205,1.024248
7.160211,1.023393
7.166217,1.022529
7.172223,1.021665
7.178229,1.020806
7.184235,1.019960
7.190241,1.019133
7.196247,1.018332
7.202253,1.017563
7.208259,1.016832
7.214265,1.016145
7.220271,1.015506
7.226277,1.014919
7.232283,1.014390
7.238289,1.013921
7.244295,1.013516
7.250301,1.013176
7.256307,1.012904
7.262313,1.012700
7.268319,1.012565
7.274325,1.012498
7.280331,1.012498
7.286337,1.012564
7.292343,1.012694
7.298349,1.012885
7.304355,1.013133
7.310361,1.013435
7.316367,1.013786
7.322373,1.014182
7.328379,1.014616
7.334385,1.015084
7.340391,1.015579
7.346397,1.016095
7.352403,1.016626
7.358409,1.017165
7.364415,1.017706
7.370421,1.018241
7.376427,1.018765
7.382433,1.019271
7.388439,1.019753
7.394445,1.020204
7.400451,1.020618
7.406457,1.020991
7.412463,1.021316
7.418469,1.021590
7.424475,1.021808
7.430481,1.021967
7.436487,1.022062
7.442493,1.022092
7.448499,1.022055
7.454505,1.021948
7.460511,1.021772
7.466517,1.021525
7.472523,1.021209
7.478529,1.020824
7.484535,1.020371
7.490541,1.019854
7.496547,1.019275
7.502553,1.018636
7.508559,1.017943
7.514565,1.017198
7.520571,1.016407
7.526577,1.015574
7.532583,1.014706
7.538589,1.013807
7.544595,1.012884
7.550601,1.011942
7.556607,1.010988
7.562613,1.010027
7.568619,1.009067
7.574625,1.008112
7.580631,1.007170
7.586637,1.006246
7.592643,1.005346
7.598649,1.004475
7.604655,1.003638
7.610661,1.002840
7.616667,1.002085
7.622673,1.001377
7.628679,1.000720
7.634685,1.000116
7.640691,0.999568
7.646697,0.999077
7.652703,0.998645
7.658709,0.998272
7.664715,0.997959
7.670721,0.997705
7.676727,0.997508
7.682733,0.997369
7.688739,0.997283
7.694745,0.997249
7.700751,0.997264
7.706757,0.997323
7.712763,0.997424
7.718769,0.997561
7.724775,0.997730
7.730781,0.997926
7.736787,0.998143
7.742793,0.998377
7.748799,0.998621
7.754805,0.998870
7.760811,0.999119
7.766817,0.999360
7.772823,0.999590
7.778829,0.999802
7.784835,0.999991
7.790841,1.000152
7.796847,1.000280
7.802853,1.000371
7.808859,1.000420
7.814865,1.000423
7.820871,1.000378
7.826877,1.000282
7.832883,1.000131
7.838889,0.999925
7.844895,0.999661
7.850901,0.999339
7.856907,0.998959
7.862913,0.998521
7.868919,0.998025
7.874925,0.997473
7.880931,0.996867
7.886937,0.996209
7.892943,0.995502
7.898949,0.994749
7.904955,0.993954
7.910961,0.993120
7.916967,0.992253
7.922973,0.991357
7.928979,0.990436
7.934985,0.989497
7.940991,0.988544
7.946997,0.987583
7.953003,0.986619
7.959009,0.985658
7.965015,0.984706
7.971021,0.983767
7.977027,0.982848
7.983033,0.981954
7.989039,0.981088
7.995045,0.980256
8.001051,0.979463
8.007057,0.978711
8.013063,0.978006
8.019069,0.977349
8.025075,0.976744
8.031081,0.976193
8.037087,0.975698
8.043093,0.975260
8.049099,0.974879
8.055105,0.974557
8.061111,0.974293
8.067117,0.974085
8.073123,0.973934
8.079129,0.973836
8.085135,0.973791
8.091141,0.973794
8.097147,0.973844
8.103153,0.973937
8.109159,0.974069
8.115165,0.974235
8.121171,0.974432
8.127177,0.974655
8.133183,0.974899
8.139189,0.975159
8.145195,0.975430
8.151201,0.975707
8.157207,0.975985
8.163213,0.976258
8.169219,0.976522
8.175225,0.976772
8.181231,0.977004
8.187237,0.977212
8.193243,0.977392
8.199249,0.977542
8.205255,0.977656
8.211261,0.977733
8.217267,0.977769
8.223273,0.977761
8.229279,0.977709
8.235285,0.977611
8.241291,0.977465
8.247297,0.977272
8.253303,0.977030
8.259309,0.976742
8.265315,0.976407
8.271321,0.976027
8.277327,0.975604
8.283333,0.975140
8.289339,0.974639
8.295345,0.974103
8.301351,0.973535
8.307357,0.972940
8.313363,0.972321
8.319369,0.971683
8.325375,0.971031
8.331381,0.970368
8.337387,0.969701
8.343393,0.969033
8.349399,0.968371
8.355406,0.967718
8.361412,0.967079
8.367418,0.966461
8.373424,0.965866
8.379430,0.965299
8.385436,0.964766
8.391442,0.964269
8.397448,0.963812
8.403454,0.963399
8.409460,0.963033
8.415466,0.962716
8.421472,0.962450
8.427478,0.962237
8.433484,0.962079
8.439490,0.961975
8.445496,0.961928
8.451502,0.961936
8.457508,0.961999
8.463514,0.962116
8.469520,0.962285
8.475526,0.962505
8.481532,0.962774
8.487538,0.963088
8.493544,0.963445
8.499550,0.963842
8.505556,0.964274
8.511562,0.964738
8.517568,0.965230
8.523574,0.965745
8.529580,0.966279
8.535586,0.966828
8.541592,0.967386
8.547598,0.967949
8.553604,0.968513
8.559610,0.969072
8.565616,0.969623
8.571622,0.970160
8.577628,0.970681
8.583634,0.971180
8.589640,0.971655
8.595646,0.972102
8.601652,0.972517
8.607658,0.972899
8.613664,0.973244
8.619670,0.973551
8.625676,0.973819
8.631682,0.974046
8.637688,0.974231
8.643694,0.974375
8.649700,0.974477
8.655706,0.974538
8.661712,0.974560
8.667718,0.974543
8.673724,0.974490
8.679730,0.974402
8.685736,0.974283
8.691742,0.974134
8.697748,0.973961
8.703754,0.973765
8.709760,0.973551
8.715766,0.973322
8.721772,0.973083
8.727778,0.972838
8.733784,0.972591
8.739790,0.972347
8.745796,0.972110
8.751802,0.971884
8.757808,0.971673
8.763814,0.971482
8.769820,0.971314
8.775826,0.971174
8.781832,0.971065
8.787838,0.970990
8.793844,0.970952
8.799850,0.970954
8.805856,0.970998
8.811862,0.971086
8.817868,0.971220
8.823874,0.971401
8.829880,0.971630
8.835886,0.971907
8.841892,0.972233
8.847898,0.972605
8.853904,0.973025
8.859910,0.973490
8.865916,0.973999
8.871922,0.974550
8.877928,0.975140
8.883934,0.975767
8.889940,0.976428
8.895946,0.977119
8.901952,0.977837
8.907958,0.978577
8.913964,0.979337
8.919970,0.980112
8.925976,0.980897
8.931982,0.981689
8.937988,0.982483
8.943994,0.983274
8.950000,0.984059
