      0     0.00601635
    100        1.25522
    200      -0.455211
    300       0.146842
    400       0.848726
    500       0.252207
    600       0.296168
    700       0.470982
    800       -0.80731
    900       0.246018
   1000       0.668292
   1100       0.544197
   1200       0.123489
   1300      -0.909979
   1400       0.475226
   1500     -0.0449744
   1600       0.979589
   1700       0.661079
   1800       0.103099
   1900      -0.143063
   2000      0.0654157
   2100       0.263756
   2200       0.110832
   2300      -0.299948
   2400      -0.337845
   2500      -0.015933
   2600      -0.291154
   2700       -1.60817
   2800      -0.484436
   2900      -0.693866
   3000       0.134143
   3100       0.407052
   3200       0.359731
   3300       0.172243
   3400       -1.08207
   3500       0.236175
   3600      -0.811688
   3700       0.767043
   3800       0.138713
   3900       0.613158
   4000      0.0521941
   4100      -0.342185
   4200      -0.534785
   4300      -0.418222
   4400      -0.423718
   4500      -0.747509
   4600      -0.453533
   4700      -0.376253
   4800      0.0265881
   4900       0.542726
   5000      -0.099947
   5100      0.0374673
   5200      -0.338435
   5300      -0.306405
   5400      -0.721162
   5500       0.636977
   5600       0.179565
   5700       0.299336
   5800       0.341281
   5900       0.392839
   6000       0.554489
   6100      -0.207704
   6200      0.0248144
   6300      -0.462018
   6400      -0.166556
   6500      0.0771893
   6600        1.16097
   6700      -0.514436
   6800      -0.682923
   6900       0.491989
   7000      -0.608507
   7100      -0.481184
   7200     -0.0308788
   7300        1.52697
   7400       0.564048
   7500      -0.278644
   7600       0.491036
   7700       -1.03268
   7800      -0.462278
   7900       0.299185
   8000      -0.560794
   8100       0.656878
   8200      -0.153626
   8300       0.889407
   8400      -0.360776
   8500       0.212452
   8600       0.179416
   8700        1.00451
   8800      -0.958689
   8900       0.359697
   9000       0.932915
   9100       0.532477
   9200      0.0823157
   9300      -0.292529
   9400       0.282724
   9500      -0.450468
   9600      -0.216285
   9700      -0.426019
   9800         1.0357
   9900      -0.433938
      0      -0.183215
    100      -0.775255
    200      -0.348318
    300      -0.114294
    400       0.169777
    500        -1.2546
    600        1.36235
    700        1.12341
    800       0.661794
    900       0.200949
   1000      -0.700201
   1100      -0.574373
   1200        1.13862
   1300     -0.0525657
   1400       0.427754
   1500      -0.482039
   1600       0.239299
   1700     -0.0177969
   1800        1.08508
   1900        1.18145
   2000        1.02998
   2100      -0.512105
   2200        0.22738
   2300      0.0828889
   2400       0.313639
   2500       0.339652
   2600       0.419195
   2700        1.40439
   2800       0.143221
   2900      -0.633278
   3000      -0.312573
   3100       0.356314
   3200       0.323318
   3300       0.631483
   3400       0.936828
   3500      -0.820237
   3600      -0.057071
   3700        -1.4469
   3800       -1.33522
   3900       0.264597
   4000       0.976072
   4100        1.23284
   4200       -1.50114
   4300        1.32242
   4400       0.921176
   4500     -0.0393613
   4600      -0.641912
   4700       0.592832
   4800       0.460995
   4900        1.14693
   5000      -0.105586
   5100       0.157491
   5200       0.347553
   5300       0.631383
   5400       0.276482
   5500       0.562842
   5600      -0.671268
   5700        1.13997
   5800       -0.12375
   5900       0.565546
   6000      -0.275928
   6100      0.0158631
   6200      -0.170314
   6300        0.68999
   6400       0.721054
   6500        1.15181
   6600       -1.13331
   6700      0.0206562
   6800        1.17499
   6900       0.294263
   7000       0.491629
   7100      -0.855083
   7200       0.510947
   7300       0.541449
   7400       0.109929
   7500       0.276974
   7600       0.114667
   7700       0.755785
   7800     -0.0754013
   7900       0.493944
   8000      -0.556388
   8100      -0.943484
   8200       0.670522
   8300       0.902462
   8400      -0.463869
   8500        1.05978
   8600     -0.0366882
   8700      -0.712743
   8800     -0.0991567
   8900        0.85953
   9000       0.140908
   9100       0.429636
   9200       0.735654
   9300       0.670081
   9400      0.0887259
   9500       -1.39097
   9600       0.520108
   9700       -1.03272
   9800      -0.171979
   9900      -0.205974
      0      -0.780302
    100      0.0898308
    200      -0.470983
    300      -0.661683
    400       0.352232
    500        1.54321
    600      -0.493392
    700      -0.304949
    800        1.24066
    900     -0.0857676
   1000       0.615059
   1100       0.822277
   1200        1.09781
   1300      -0.219857
   1400        1.39537
   1500       -1.54556
   1600         0.4549
   1700      -0.474243
   1800       -1.02417
   1900       0.461638
   2000       -1.10023
   2100        -1.6165
   2200        1.62837
   2300       0.604957
   2400      0.0440447
   2500      -0.326315
   2600      -0.503252
   2700       0.145541
   2800      -0.554972
   2900       0.467636
   3000     0.00107727
   3100      -0.758644
   3200      0.0726441
   3300       -0.51709
   3400       0.387579
   3500      -0.427451
   3600     -0.0728277
   3700        -1.1005
   3800      0.0773666
   3900      -0.543334
   4000       0.824875
   4100      0.0220706
   4200      0.0430531
   4300      -0.664994
   4400       0.941828
   4500        0.68937
   4600      -0.562965
   4700         1.2268
   4800      -0.758785
   4900       0.954883
   5000       -1.02257
   5100       0.518901
   5200       0.809722
   5300      -0.286816
   5400         0.5486
   5500      -0.140936
   5600       0.779099
   5700         1.1499
   5800      -0.461978
   5900      -0.449126
   6000       0.915254
   6100       0.103687
   6200     -0.0287424
   6300      -0.102639
   6400      -0.424862
   6500       0.155511
   6600      -0.695138
   6700      -0.297521
   6800       0.455672
   6900      0.0548673
   7000      -0.486833
   7100      -0.354763
   7200      0.0978761
   7300       -1.20503
   7400      -0.618807
   7500      -0.026969
   7600      -0.920518
   7700       0.527195
   7800      0.0892004
   7900        -1.1807
   8000       0.319571
   8100      -0.646088
   8200       0.223467
   8300       0.118584
   8400       0.350331
   8500      -0.247983
   8600        1.62254
   8700      -0.259732
   8800      -0.775208
   8900      -0.194847
   9000       0.410339
   9100      -0.803137
   9200       0.980185
   9300      -0.483771
   9400        1.79783
   9500      -0.299713
   9600       -1.12012
   9700      -0.873515
   9800      -0.473111
   9900      -0.396321
      0      -0.655447
    100       0.545453
    200       0.492825
    300       0.515887
    400        -1.1406
    500      -0.396766
    600      0.0863793
    700      -0.310027
    800      -0.858441
    900      -0.495042
   1000       0.379023
   1100        1.44124
   1200      0.0746166
   1300      -0.151009
   1400       -0.57992
   1500       0.202884
   1600        -1.2841
   1700       -1.11354
   1800      -0.178434
   1900       0.785001
   2000      -0.279138
   2100       0.077754
   2200     -0.0940758
   2300       0.143469
   2400     -0.0128961
   2500      -0.118182
   2600        1.42554
   2700      -0.405776
   2800       -0.57324
   2900     -0.0138783
   3000      -0.777762
   3100       0.314009
   3200        1.26374
   3300       0.623537
   3400       -1.22228
   3500      -0.126163
   3600       -1.38681
   3700       0.331709
   3800       0.226396
   3900       0.654248
   4000       0.922689
   4100      -0.311147
   4200      -0.954478
   4300       0.957464
   4400     -0.0808592
   4500        0.97542
   4600      -0.874874
   4700      -0.723099
   4800       0.470004
   4900        0.07419
   5000        1.17011
   5100       -2.34076
   5200      -0.714596
   5300      -0.178501
   5400        1.39736
   5500      -0.216625
   5600       0.676489
   5700         1.0383
   5800      -0.672572
   5900        1.37276
   6000         0.8877
   6100      -0.194593
   6200      -0.322166
   6300       -1.22071
   6400      0.0128641
   6500        1.62498
   6600        1.36607
   6700      0.0518991
   6800        1.21833
   6900     -0.0214762
   7000       0.262777
   7100       0.800632
   7200       0.881368
   7300      0.0749938
   7400       0.285197
   7500      -0.659751
   7600      -0.739879
   7700     -0.0893245
   7800       -1.75051
   7900       0.932128
   8000      -0.738465
   8100      -0.264417
   8200       -1.23277
   8300        -1.2787
   8400       -0.35543
   8500      -0.384507
   8600       0.713673
   8700        1.18969
   8800       0.511731
   8900        1.10876
   9000       0.429042
   9100       -1.07793
   9200      -0.340497
   9300       0.187797
   9400       0.190967
   9500       0.324663
   9600       -1.09957
   9700      -0.502124
   9800        1.16912
   9900        0.57921
      0      -0.621711
    100       0.267773
    200      -0.488909
    300      0.0523255
    400       0.199839
    500      0.0106522
    600      -0.950013
    700       -1.46109
    800      -0.789317
    900       0.137293
   1000        1.12505
   1100        0.67186
   1200     -0.0759699
   1300      -0.905046
   1400       0.221153
   1500      -0.330427
   1600       0.154251
   1700      0.0464849
   1800      -0.173375
   1900      -0.129764
   2000        1.27384
   2100       -2.11593
   2200       0.466991
   2300       0.551109
   2400        1.08777
   2500       0.157864
   2600       0.254534
   2700        -1.6308
   2800      -0.583008
   2900       -2.36086
   3000      -0.995742
   3100      -0.485287
   3200       0.352362
   3300       0.604579
   3400        0.72892
   3500      -0.275665
   3600      -0.858311
   3700       0.184808
   3800      -0.821755
   3900       -0.18032
   4000     0.00136293
   4100     -0.0528179
   4200       0.908443
   4300       0.444958
   4400      -0.495049
   4500      -0.930431
   4600        1.19972
   4700       -1.40344
   4800       0.971425
   4900        1.46725
   5000      -0.849504
   5100      -0.178665
   5200       -0.19266
   5300        -1.6639
   5400        1.70845
   5500        0.25938
   5600       0.548173
   5700       -1.74312
   5800       0.310336
   5900       0.577126
   6000       0.866811
   6100       0.931842
   6200      -0.667054
   6300      -0.604407
   6400       -1.02399
   6500        1.37334
   6600      -0.440898
   6700       -1.18863
   6800       0.226668
   6900       0.297947
   7000       0.702673
   7100        1.45669
   7200        1.39698
   7300       0.278745
   7400       0.569863
   7500        1.83372
   7600      -0.879687
   7700       -0.67365
   7800       0.255791
   7900      -0.388634
   8000       -1.32893
   8100       -1.19805
   8200       0.386635
   8300      -0.806328
   8400        1.07032
   8500       -1.02426
   8600        -0.1477
   8700        1.40086
   8800      -0.928511
   8900      -0.640135
   9000        1.06348
   9100       0.887952
   9200       0.274508
   9300       -1.95371
   9400       -1.38471
   9500       -0.16863
   9600        1.35151
   9700      -0.431124
   9800       0.925175
   9900       -1.03091
      0       0.371113
    100       -0.88796
    200      -0.926256
    300        0.68169
    400      0.0239201
    500       0.784689
    600      -0.473018
    700       0.346311
    800      -0.508895
    900       0.512721
   1000       0.645024
   1100      -0.191559
   1200        -1.2358
   1300      -0.824933
   1400      -0.188825
   1500     -0.0989458
   1600      -0.889128
   1700       -1.22398
   1800       0.277496
   1900       0.652857
   2000       -1.99425
   2100        1.29649
   2200       0.486673
   2300        1.43861
   2400      -0.303741
   2500       0.471113
   2600        1.90369
   2700      -0.568042
   2800      -0.514751
   2900       0.677724
   3000       0.438946
   3100       0.618124
   3200      -0.551198
   3300        1.11457
   3400       0.189691
   3500         0.3147
   3600        1.33255
   3700      -0.608705
   3800       0.824036
   3900       0.140941
   4000        1.55092
   4100       -0.98033
   4200      -0.580514
   4300        1.05669
   4400         1.7367
   4500      -0.824237
   4600       -1.66047
   4700        1.33878
   4800       -1.40581
   4900       0.673961
   5000      -0.367995
   5100       -1.74313
   5200       0.376569
   5300      -0.952668
   5400      -0.237022
   5500        1.37405
   5600       -1.11374
   5700      0.0851701
   5800       -1.13485
   5900        1.00755
   6000       0.234397
   6100       0.281006
   6200       0.510665
   6300      -0.405497
   6400      -0.811554
   6500       0.557184
   6600      -0.429625
   6700      -0.843049
   6800       0.592976
   6900        1.05054
   7000      -0.378612
   7100        0.64799
   7200    -0.00675758
   7300       0.667675
   7400       -0.81144
   7500       0.725523
   7600        1.92869
   7700       0.682103
   7800      -0.761899
   7900        1.46924
   8000       0.277946
   8100        1.51976
   8200       -1.49259
   8300      -0.492576
   8400      -0.338083
   8500     -0.0573199
   8600      -0.509881
   8700     -0.0483423
   8800       0.329746
   8900       0.243113
   9000      -0.498479
   9100       -1.69646
   9200       0.151194
   9300       0.800783
   9400      -0.615729
   9500      -0.582885
   9600        0.18594
   9700       0.397858
   9800      -0.374505
   9900      -0.594679
      0      -0.898973
    100       -1.53406
    200         0.9894
    300       -1.24404
    400     -0.0916073
    500        -1.4175
    600        2.19573
    700       -1.39343
    800      -0.032299
    900        -1.9034
   1000       0.986572
   1100        2.37263
   1200      -0.652686
   1300      -0.303722
   1400       -0.70225
   1500        1.42085
   1600      -0.850001
   1700      -0.223594
   1800        0.42689
   1900       -1.40215
   2000       0.351221
   2100       -1.39521
   2200       0.748879
   2300        1.15058
   2400      -0.281382
   2500       0.788367
   2600       0.153222
   2700       -1.71415
   2800      -0.723595
   2900       0.181764
   3000       -0.60614
   3100       0.849455
   3200      -0.309876
   3300       -1.32198
   3400     -0.0794065
   3500      0.0761657
   3600         1.3171
   3700       0.864118
   3800      0.0679049
   3900      -0.936401
   4000       0.230032
   4100      -0.782352
   4200        -1.6734
   4300        1.07948
   4400        -1.3735
   4500      -0.351968
   4600       0.229912
   4700       0.384281
   4800       -1.51446
   4900      0.0600915
   5000       0.849988
   5100       -1.00146
   5200       0.822291
   5300        0.52539
   5400      -0.290694
   5500      -0.404257
   5600        1.55347
   5700       -0.26357
   5800        1.30804
   5900       -1.43235
   6000       -1.82601
   6100       0.143177
   6200      -0.955757
   6300       0.456806
   6400       -1.30215
   6500       -1.87409
   6600       -1.61456
   6700       -0.19382
   6800       -2.31091
   6900      0.0779328
   7000      -0.424331
   7100        1.43648
   7200      -0.484617
   7300        1.79799
   7400       -2.06983
   7500      -0.795351
   7600        0.47688
   7700       0.659131
   7800       0.464738
   7900       -0.85201
   8000      -0.389425
   8100        0.29718
   8200       0.740879
   8300       0.883819
   8400      -0.321258
   8500      -0.317544
   8600      -0.894034
   8700        1.86542
   8800       0.165523
   8900      -0.422944
   9000       0.636361
   9100     -0.0485163
   9200      0.0738806
   9300      -0.116688
   9400        1.27657
   9500      -0.994519
   9600       -0.12284
   9700       0.699586
   9800       -1.59632
   9900        1.24982
      0      -0.270952
    100       -1.01951
    200        1.74783
    300      -0.931815
    400       0.588748
    500      -0.686373
    600       -1.26185
    700      -0.849709
    800      -0.924987
    900       -1.59439
   1000       -1.79979
   1100        2.31294
   1200       -1.49979
   1300       -1.80423
   1400       -1.54503
   1500       0.578185
   1600        0.36912
   1700        1.18918
   1800      -0.865216
   1900      -0.176293
   2000      -0.803523
   2100       0.931543
   2200        1.42343
   2300       0.748679
   2400       0.162693
   2500        1.96375
   2600      -0.932285
   2700       0.595081
   2800       -1.18994
   2900         1.6999
   3000      -0.475458
   3100       0.995416
   3200        1.69986
   3300       -1.86115
   3400       0.904076
   3500       0.920209
   3600       0.982982
   3700      -0.390678
   3800       -1.39309
   3900       -1.07346
   4000      -0.482017
   4100       0.461965
   4200        1.98419
   4300       -1.66582
   4400        1.40285
   4500       -1.27113
   4600       -2.38662
   4700       -2.16438
   4800        0.06977
   4900       -1.88618
   5000        1.15028
   5100       -2.12603
   5200        2.39813
   5300        1.76219
   5400        0.15808
   5500        -1.3288
   5600        2.08937
   5700       -1.54841
   5800       -1.51815
   5900       -0.82933
   6000       0.264342
   6100       -1.78927
   6200        1.49591
   6300       -1.76983
   6400       0.562439
   6500       0.127708
   6600      -0.499547
   6700        2.49471
   6800        1.97679
   6900        -1.6456
   7000        -2.2783
   7100       0.251221
   7200       -2.34675
   7300        1.00432
   7400      -0.759726
   7500      -0.132739
   7600        2.48483
   7700        2.11022
   7800       0.746466
   7900        1.32363
   8000       0.268446
   8100       0.281102
   8200       0.606558
   8300       -1.01426
   8400    0.000979175
   8500        -2.2552
   8600         0.7021
   8700      -0.229664
   8800       -2.17464
   8900        1.80058
   9000        1.41237
   9100       0.676284
   9200          -1.27
   9300        1.83607
   9400       -1.10115
   9500      -0.621683
   9600          1.131
   9700        1.73888
   9800        1.05588
   9900       -1.85921
      0      -0.449536
    100       0.721073
    200       -1.62985
    300        1.37334
    400     -0.0724973
    500       -1.70147
    600       0.746181
    700        2.03177
    800       -2.03609
    900       -1.69392
   1000        2.24571
   1100       -1.48377
   1200       0.582032
   1300      -0.709842
   1400       -2.33857
   1500      -0.908186
   1600      -0.882614
   1700        1.32953
   1800        1.16131
   1900      -0.548566
   2000       -1.61679
   2100        1.82153
   2200        1.98566
   2300        2.08496
   2400       -3.24938
   2500       -1.48654
   2600        1.49716
   2700       -2.31189
   2800        2.21929
   2900        1.41432
   3000        1.60763
   3100      -0.920677
   3200         1.0015
   3300       0.236228
   3400        1.28072
   3500       -0.85253
   3600       0.368727
   3700       -2.02857
   3800        1.74752
   3900       0.298443
   4000        1.99729
   4100       0.899692
   4200        1.96945
   4300          0.972
   4400       -1.37444
   4500        1.28879
   4600       -1.30189
   4700       -1.01596
   4800        -1.1452
   4900       0.994745
   5000       -1.31226
   5100       -1.22883
   5200        1.42562
   5300        1.32389
   5400      -0.280262
   5500       0.344212
   5600       -2.28698
   5700       -2.37265
   5800        1.02542
   5900       -2.71897
   6000      0.0150629
   6100        2.27373
   6200      -0.411997
   6300        1.49541
   6400       -1.63056
   6500        1.91906
   6600        -2.3257
   6700        -2.9017
   6800       -1.41314
   6900       -2.05166
   7000          1.451
   7100       -2.11005
   7200       -1.98865
   7300       -1.95796
   7400       0.677611
   7500        2.42402
   7600        1.58968
   7700       0.999687
   7800       -1.77683
   7900        1.33912
   8000       -1.49575
   8100       -1.42339
   8200     -0.0960653
   8300        1.26858
   8400       0.944172
   8500      -0.434264
   8600        1.39585
   8700        2.04692
   8800     -0.0449849
   8900        2.61398
   9000       0.515622
   9100       0.782808
   9200       -1.33425
   9300        1.77823
   9400      0.0967176
   9500       -1.38995
   9600        1.88243
   9700       0.840407
   9800       -0.59876
   9900       -1.63099
      0       0.864681
    100       0.837547
    200        1.71588
    300        1.06414
    400        2.05198
    500        0.97327
    600     -0.0257644
    700        1.61684
    800        1.73113
    900       -2.06181
   1000      0.0167475
   1100        2.41716
   1200        1.05735
   1300      -0.810604
   1400       0.991504
   1500       0.302984
   1600        2.21551
   1700        2.45396
   1800        1.07491
   1900        -1.8171
   2000        1.34175
   2100        2.37668
   2200       0.906229
   2300        1.84965
   2400       -1.97957
   2500        1.14582
   2600      0.0959705
   2700        2.60344
   2800        1.23693
   2900        1.53684
   3000       0.439867
   3100       -1.04062
   3200        1.79461
   3300        2.38656
   3400      -0.696076
   3500       -1.69645
   3600       0.214089
   3700        1.76589
   3800        -1.7001
   3900       -1.63258
   4000        1.91405
   4100       -1.04084
   4200       -3.20322
   4300        1.36804
   4400       -0.78724
   4500       -2.46663
   4600      -0.530637
   4700       -1.80713
   4800       -1.29178
   4900      -0.238355
   5000        1.05923
   5100       0.975372
   5200       -1.11416
   5300      -0.645094
   5400        1.97225
   5500        2.47674
   5600      -0.508622
   5700        1.74566
   5800         1.4445
   5900       0.933098
   6000      -0.714963
   6100         1.6355
   6200       0.597925
   6300        0.29987
   6400       0.256783
   6500        1.39148
   6600        2.35763
   6700        1.98961
   6800       -1.70105
   6900       -1.82298
   7000       0.511561
   7100        0.46499
   7200       -1.19149
   7300      -0.922612
   7400        1.77895
   7500       -2.37241
   7600       -1.39355
   7700       -1.09876
   7800       -1.16222
   7900        2.69331
   8000       -2.20589
   8100       -1.60815
   8200       -1.94492
   8300      -0.859502
   8400       -1.53052
   8500       -1.72164
   8600       0.199478
   8700        1.09557
   8800        1.40599
   8900       0.712463
   9000        1.69804
   9100       -2.44034
   9200      -0.298269
   9300        -1.4545
   9400        1.94167
   9500       -2.50801
   9600       -1.19377
   9700       -1.62155
   9800        1.63317
   9900        1.82577
      0        1.44347
    100       -1.63389
    200       -1.55838
    300       0.518228
    400       -1.82482
    500        2.18366
    600       -2.08685
    700        2.74232
    800       -2.74885
    900       0.884485
   1000       -1.67543
   1100       -2.60198
   1200       -1.80457
   1300        1.42248
   1400       0.965181
   1500     0.00837812
   1600       -1.08673
   1700        2.57444
   1800        1.90169
   1900        1.11455
   2000       -1.23569
   2100        1.24001
   2200        1.35387
   2300        1.22427
   2400        2.54861
   2500       -2.17463
   2600       -1.65306
   2700       -1.65951
   2800       -1.73912
   2900       -1.87875
   3000         1.1753
   3100     -0.0879287
   3200        2.36496
   3300       -1.63767
   3400       -1.28622
   3500       -2.88719
   3600        2.59076
   3700        1.01308
   3800        1.16739
   3900         1.3168
   4000       -1.57433
   4100        1.90344
   4200        0.29115
   4300       0.390733
   4400        1.44333
   4500        1.39331
   4600       -1.78406
   4700       -2.26801
   4800       0.354676
   4900       -2.49539
   5000       -1.36465
   5100       -1.25785
   5200         2.8495
   5300      -0.899216
   5400        2.71818
   5500        1.66825
   5600       -2.06576
   5700       -2.39152
   5800       -1.86304
   5900       -1.17985
   6000       0.996765
   6100       -2.73883
   6200       -2.43619
   6300        2.19145
   6400         2.1409
   6500        3.35854
   6600         1.6623
   6700        1.13033
   6800      -0.825535
   6900       -1.65577
   7000       -1.25754
   7100        1.93347
   7200        -0.8104
   7300        2.05488
   7400         1.6803
   7500        1.73192
   7600       -2.50057
   7700       -1.29627
   7800       -2.06406
   7900        1.07476
   8000        2.57897
   8100       -1.35797
   8200        2.14696
   8300        2.53459
   8400       -1.21637
   8500        1.92743
   8600        2.68212
   8700        1.86728
   8800        1.65727
   8900        2.33661
   9000        1.72081
   9100        1.29222
   9200        1.27049
   9300        1.74374
   9400        1.22708
   9500         1.8871
   9600        2.21975
   9700        2.15616
   9800        1.79016
   9900       -1.87594
      0       0.461029
    100        2.98506
    200       -1.72661
    300        2.58372
    400       0.893932
    500        2.72405
    600        1.29288
    700        2.35557
    800       -2.04956
    900        1.77027
   1000      -0.590426
   1100      -0.556615
   1200        2.56087
   1300        1.98437
   1400        2.84337
   1500        1.30091
   1600       -1.91731
   1700       -1.93702
   1800       -2.19311
   1900        2.50499
   2000         1.3121
   2100        1.50971
   2200       -2.25336
   2300        1.91721
   2400       -1.86451
   2500       -1.44732
   2600       -1.83769
   2700        1.55648
   2800        1.57087
   2900        2.39679
   3000        1.81665
   3100       -1.91438
   3200       -2.52608
   3300        1.46193
   3400        1.27092
   3500      -0.442139
   3600        2.10921
   3700       0.247241
   3800       -2.57423
   3900        2.22088
   4000       -1.48571
   4100       0.615244
   4200        2.29039
   4300       -1.54026
   4400        -2.0885
   4500       -1.65128
   4600        1.71177
   4700        -1.5212
   4800       -1.84381
   4900        3.14732
   5000        1.47815
   5100       0.921115
   5200       -1.68875
   5300        2.67847
   5400       -2.04603
   5500       -1.81163
   5600        2.67695
   5700       -2.25885
   5800       -2.37677
   5900        2.20123
   6000          1.517
   6100       -2.36453
   6200        -2.7836
   6300        1.45322
   6400        2.54542
   6500        -2.1832
   6600       0.318981
   6700        2.83908
   6800       -1.97656
   6900        -1.6513
   7000      -0.446938
   7100       0.884562
   7200       -2.45009
   7300        2.19708
   7400      -0.147636
   7500        1.66577
   7600       -2.70243
   7700        1.76021
   7800       -3.02062
   7900         1.8358
   8000        1.51903
   8100       -3.15859
   8200       -2.38589
   8300       -2.35577
   8400        1.83742
   8500       -2.55977
   8600        1.86944
   8700       -1.70145
   8800      -0.309977
   8900        2.38636
   9000        2.40698
   9100       -1.79066
   9200       -1.74053
   9300       -2.57057
   9400       -2.02123
   9500       -1.99197
   9600      -0.881113
   9700        1.97056
   9800        1.74845
   9900       -2.59325
