0	0
0.1	0.035253
0.2	0.095385
0.3	0.154705
0.4	0.214072
0.5	0.273889
0.6	0.334397
0.7	0.39579
0.8	0.458065
0.9	0.521185
1	0.58504
1.1	0.649585
1.2	0.714804
1.3	0.780634
1.4	0.847025
1.5	0.913955
1.6	0.98145
1.7	1.04952
1.8	1.11815
1.9	1.18738
2	1.25712
2.1	1.32741
2.2	1.39827
2.3	1.46968
2.4	1.54165
2.5	1.61419
2.6	1.68735
2.7	1.76101
2.8	1.83515
2.9	1.90981
3	1.98496
3.1	2.06058
3.2	2.13671
3.3	2.21344
3.4	2.29072
3.5	2.3686
3.6	2.44709
3.7	2.52617
3.8	2.6058
3.9	2.68602
4	2.76679
4.1	2.84814
4.2	2.9301
4.3	3.01263
4.4	3.0957
4.5	3.17935
4.6	3.26359
4.7	3.34839
4.8	3.43371
4.9	3.51956
5	3.60593
5.1	3.69282
5.2	3.78026
5.3	3.86826
5.4	3.95679
5.5	4.04587
5.6	4.13556
5.7	4.2259
5.8	4.31683
5.9	4.40835
6	4.50051
6.1	4.59332
6.2	4.68674
6.3	4.78071
6.4	4.87524
6.5	4.97036
6.6	5.06606
6.7	5.16237
6.8	5.25929
6.9	5.35679
7	5.45487
7.1	5.55351
7.2	5.65271
7.3	5.75245
7.4	5.85268
7.5	5.95341
7.6	6.05468
7.7	6.15649
7.8	6.25887
7.9	6.36178
8	6.46523
8.1	6.5692
8.2	6.67369
8.3	6.77871
8.4	6.88426
8.5	6.99035
8.6	7.09696
8.7	7.20406
8.8	7.3117
8.9	7.41986
9	7.52856
9.1	7.6379
9.2	7.74786
9.3	7.85833
9.4	7.96928
9.5	8.08083
9.6	8.19288
9.7	8.30544
9.8	8.41853
9.9	8.53216
10	8.6463
10.1	8.76101
10.2	8.87629
10.3	8.99211
10.4	9.10842
10.5	9.22526
10.6	9.34264
10.7	9.46062
10.8	9.57922
10.9	9.69844
11	9.81819
11.1	9.9385
11.2	10.0594
11.3	10.1809
11.4	10.303
11.5	10.4255
11.6	10.5485
11.7	10.672
11.8	10.7961
11.9	10.9207
12	11.0457
12.1	11.1713
12.2	11.2974
12.3	11.424
12.4	11.5511
12.5	11.6788
12.6	11.807
12.7	11.9358
12.8	12.0651
12.9	12.1951
13	12.3255
13.1	12.4566
13.2	12.5881
13.3	12.7202
13.4	12.8528
13.5	12.9861
13.6	13.1201
13.7	13.2546
13.8	13.3896
13.9	13.5252
14	13.6613
14.1	13.798
14.2	13.9353
14.3	14.0731
14.4	14.2115
14.5	14.3505
14.6	14.49
14.7	14.6302
14.8	14.7709
14.9	14.9122
15	15.0542
15.1	15.1966
15.2	15.3394
15.3	15.4827
15.4	15.6264
15.5	15.7706
15.6	15.9152
15.7	16.0603
15.8	16.206
15.9	16.3523
16	16.499
16.1	16.6463
16.2	16.7943
16.3	16.9428
16.4	17.0919
16.5	17.2417
16.6	17.3921
16.7	17.543
16.8	17.6944
16.9	17.8462
17	17.9985
17.1	18.1514
17.2	18.3048
17.3	18.4588
17.4	18.6132
17.5	18.7682
17.6	18.9237
17.7	19.0798
17.8	19.2364
17.9	19.3936
18	19.5514
18.1	19.7097
18.2	19.8685
18.3	20.0278
18.4	20.1875
18.5	20.3476
18.6	20.5083
18.7	20.6695
18.8	20.8311
18.9	20.9933
19	21.1561
19.1	21.3195
19.2	21.4835
19.3	21.6479
19.4	21.813
19.5	21.9785
19.6	22.1446
19.7	22.3111
19.8	22.4783
19.9	22.6459
20	22.8143
20.1	22.9832
20.2	23.1526
20.3	23.3226
20.4	23.4931
20.5	23.6642
20.6	23.8358
20.7	24.008
20.8	24.1806
20.9	24.3538
21	24.5274
21.1	24.7015
21.2	24.8761
21.3	25.0512
21.4	25.2268
21.5	25.403
21.6	25.5797
21.7	25.7569
21.8	25.9347
21.9	26.1131
22	26.2922
22.1	26.4719
22.2	26.6521
22.3	26.8328
22.4	27.0142
22.5	27.1961
22.6	27.3785
22.7	27.5614
22.8	27.7449
22.9	27.9289
23	28.1135
23.1	28.2986
23.2	28.4843
23.3	28.6705
23.4	28.8574
23.5	29.0447
23.6	29.2325
23.7	29.421
23.8	29.61
23.9	29.7995
24	29.9895
24.1	30.18
24.2	30.371
24.3	30.5626
24.4	30.7546
24.5	30.9472
24.6	31.1402
24.7	31.3337
24.8	31.5279
24.9	31.7225
25	31.9175
25.1	32.113
25.2	32.3091
25.3	32.5057
25.4	32.7026
25.5	32.9001
25.6	33.0981
25.7	33.2966
25.8	33.4957
25.9	33.6954
26	33.8956
26.1	34.0964
26.2	34.2977
26.3	34.4995
26.4	34.7018
26.5	34.9046
26.6	35.1079
26.7	35.3117
26.8	35.5161
26.9	35.721
27	35.9265
27.1	36.1325
27.2	36.3392
27.3	36.5463
27.4	36.7539
27.5	36.9621
27.6	37.1708
27.7	37.38
27.8	37.5898
27.9	37.8
28	38.0107
28.1	38.2218
28.2	38.4334
28.3	38.6455
28.4	38.8581
28.5	39.0713
28.6	39.2849
28.7	39.4991
28.8	39.7137
28.9	39.9289
29	40.1446
29.1	40.3607
29.2	40.5774
29.3	40.7945
29.4	41.0121
29.5	41.2304
29.6	41.4492
29.7	41.6685
29.8	41.8882
29.9	42.1085
30	42.3293
30.1	42.5506
30.2	42.7725
30.3	42.9949
30.4	43.2178
30.5	43.4411
30.6	43.665
30.7	43.8894
30.8	44.1143
30.9	44.3399
31	44.5659
31.1	44.7923
31.2	45.0192
31.3	45.2467
31.4	45.4747
31.5	45.7034
31.6	45.9325
31.7	46.1621
31.8	46.3922
31.9	46.6229
32	46.854
32.1	47.0857
32.2	47.318
32.3	47.5508
32.4	47.7841
32.5	48.0181
32.6	48.2525
32.7	48.4874
32.8	48.7228
32.9	48.9588
33	49.1953
33.1	49.4324
33.2	49.67
33.3	49.9081
33.4	50.1467
33.5	50.3858
33.6	50.6257
33.7	50.8661
33.8	51.1071
33.9	51.3485
34	51.5904
34.1	51.8328
34.2	52.0757
34.3	52.3191
34.4	52.5632
34.5	52.8077
34.6	53.0526
34.7	53.2981
34.8	53.544
34.9	53.7906
35	54.0376
35.1	54.2852
35.2	54.5333
35.3	54.7819
35.4	55.031
35.5	55.2806
35.6	55.5306
35.7	55.7812
35.8	56.0321
35.9	56.2836
36	56.5356
36.1	56.7881
36.2	57.0412
36.3	57.2948
36.4	57.549
36.5	57.8037
36.6	58.0588
36.7	58.3145
36.8	58.5706
36.9	58.8272
37	59.0843
37.1	59.342
37.2	59.6001
37.3	59.8588
37.4	60.1181
37.5	60.3778
37.6	60.638
37.7	60.8988
37.8	61.1601
37.9	61.422
38	61.6844
38.1	61.9473
38.2	62.2108
38.3	62.4749
38.4	62.7395
38.5	63.0047
38.6	63.2704
38.7	63.5366
38.8	63.8032
38.9	64.0703
39	64.3379
39.1	64.6061
39.2	64.8748
39.3	65.144
39.4	65.4137
39.5	65.6838
39.6	65.9545
39.7	66.2258
39.8	66.4977
39.9	66.7701
40	67.0429
40.1	67.3163
40.2	67.5901
40.3	67.8645
40.4	68.1394
40.5	68.4148
40.6	68.6907
40.7	68.9672
40.8	69.2443
40.9	69.522
41	69.8002
41.1	70.0789
41.2	70.3582
41.3	70.6381
41.4	70.9186
41.5	71.1995
41.6	71.481
41.7	71.763
41.8	72.0456
41.9	72.3287
42	72.6124
42.1	72.8967
42.2	73.1816
42.3	73.4669
42.4	73.7528
42.5	74.0392
42.6	74.3261
42.7	74.6136
42.8	74.9014
42.9	75.1898
43	75.4786
43.1	75.7679
43.2	76.0577
43.3	76.3481
43.4	76.639
43.5	76.9305
43.6	77.2224
43.7	77.5149
43.8	77.8078
43.9	78.1013
44	78.3952
44.1	78.6896
44.2	78.9846
44.3	79.2801
44.4	79.576
44.5	79.8725
44.6	80.1695
44.7	80.4671
44.8	80.7652
44.9	81.0637
45	81.3628
45.1	81.6625
45.2	81.9627
45.3	82.2634
45.4	82.5645
45.5	82.866
45.6	83.1681
45.7	83.4707
45.8	83.7738
45.9	84.0775
46	84.3818
46.1	84.6865
46.2	84.9917
46.3	85.2974
46.4	85.6037
46.5	85.9107
46.6	86.2182
46.7	86.5263
46.8	86.8349
46.9	87.1439
47	87.4534
47.1	87.7635
47.2	88.0742
47.3	88.3854
47.4	88.6972
47.5	89.0094
47.6	89.3221
47.7	89.6353
47.8	89.949
47.9	90.2632
48	90.5779
48.1	90.8931
48.2	91.2088
48.3	91.5251
48.4	91.8417
48.5	92.1589
48.6	92.4765
48.7	92.7948
48.8	93.1136
48.9	93.433
49	93.7529
49.1	94.0734
49.2	94.3945
49.3	94.7161
49.4	95.0383
49.5	95.361
49.6	95.6842
49.7	96.0078
49.8	96.3319
49.9	96.6566
50	96.9818
50.1	97.3075
50.2	97.6337
50.3	97.9607
50.4	98.288
50.5	98.6159
50.6	98.9441
50.7	99.273
50.8	99.6024
50.9	99.9323
51	100.263
51.1	100.594
51.2	100.925
51.3	101.257
51.4	101.59
51.5	101.923
51.6	102.257
51.7	102.591
51.8	102.926
51.9	103.261
52	103.597
52.1	103.934
52.2	104.271
52.3	104.609
52.4	104.948
52.5	105.287
52.6	105.626
52.7	105.966
52.8	106.307
52.9	106.648
53	106.99
53.1	107.332
53.2	107.675
53.3	108.018
53.4	108.362
53.5	108.706
53.6	109.051
53.7	109.396
53.8	109.742
53.9	110.088
54	110.435
54.1	110.783
54.2	111.131
54.3	111.48
54.4	111.829
54.5	112.179
54.6	112.529
54.7	112.88
54.8	113.231
54.9	113.583
55	113.936
55.1	114.288
55.2	114.642
55.3	114.996
55.4	115.35
55.5	115.706
55.6	116.061
55.7	116.417
55.8	116.774
55.9	117.131
56	117.489
56.1	117.847
56.2	118.206
56.3	118.565
56.4	118.925
56.5	119.286
56.6	119.646
56.7	120.008
56.8	120.37
56.9	120.732
57	121.096
57.1	121.459
57.2	121.823
57.3	122.188
57.4	122.553
57.5	122.919
57.6	123.285
57.7	123.651
57.8	124.019
57.9	124.387
58	124.755
58.1	125.123
58.2	125.493
58.3	125.863
58.4	126.233
58.5	126.604
58.6	126.975
58.7	127.347
58.8	127.719
58.9	128.092
59	128.465
59.1	128.839
59.2	129.213
59.3	129.588
59.4	129.963
59.5	130.339
59.6	130.716
59.7	131.093
59.8	131.47
59.9	131.848
60	132.227
60.1	132.606
60.2	132.985
60.3	133.366
60.4	133.746
60.5	134.128
60.6	134.509
60.7	134.891
60.8	135.274
60.9	135.657
61	136.041
61.1	136.426
61.2	136.811
61.3	137.196
61.4	137.582
61.5	137.969
61.6	138.356
61.7	138.743
61.8	139.132
61.9	139.52
62	139.91
62.1	140.3
62.2	140.69
62.3	141.081
62.4	141.473
62.5	141.865
62.6	142.258
62.7	142.652
62.8	143.045
62.9	143.44
63	143.835
63.1	144.231
63.2	144.627
63.3	145.024
63.4	145.421
63.5	145.819
63.6	146.217
63.7	146.616
63.8	147.015
63.9	147.414
64	147.815
64.1	148.215
64.2	148.616
64.3	149.018
64.4	149.42
64.5	149.822
64.6	150.225
64.7	150.629
64.8	151.033
64.9	151.438
65	151.843
65.1	152.249
65.2	152.655
65.3	153.061
65.4	153.469
65.5	153.876
65.6	154.284
65.7	154.693
65.8	155.102
65.9	155.512
66	155.922
66.1	156.333
66.2	156.744
66.3	157.156
66.4	157.569
66.5	157.982
66.6	158.396
66.7	158.81
66.8	159.225
66.9	159.64
67	160.056
67.1	160.472
67.2	160.889
67.3	161.307
67.4	161.725
67.5	162.144
67.6	162.563
67.7	162.983
67.8	163.403
67.9	163.824
68	164.246
68.1	164.667
68.2	165.09
68.3	165.513
68.4	165.936
68.5	166.36
68.6	166.785
68.7	167.209
68.8	167.635
68.9	168.061
69	168.487
69.1	168.914
69.2	169.342
69.3	169.77
69.4	170.198
69.5	170.627
69.6	171.057
69.7	171.487
69.8	171.918
69.9	172.349
70	172.781
70.1	173.213
70.2	173.645
70.3	174.078
70.4	174.512
70.5	174.946
70.6	175.381
70.7	175.816
70.8	176.251
70.9	176.687
71	177.124
71.1	177.561
71.2	177.998
71.3	178.436
71.4	178.875
71.5	179.314
71.6	179.754
71.7	180.194
71.8	180.635
71.9	181.077
72	181.519
72.1	181.961
72.2	182.405
72.3	182.849
72.4	183.293
72.5	183.738
72.6	184.183
72.7	184.629
72.8	185.075
72.9	185.522
73	185.969
73.1	186.417
73.2	186.865
73.3	187.314
73.4	187.763
73.5	188.213
73.6	188.663
73.7	189.114
73.8	189.565
73.9	190.017
74	190.469
74.1	190.922
74.2	191.376
74.3	191.83
74.4	192.285
74.5	192.74
74.6	193.196
74.7	193.652
74.8	194.109
74.9	194.566
75	195.024
75.1	195.482
75.2	195.941
75.3	196.4
75.4	196.86
75.5	197.321
75.6	197.782
75.7	198.243
75.8	198.705
75.9	199.167
76	199.63
76.1	200.093
76.2	200.557
76.3	201.022
76.4	201.487
76.5	201.953
76.6	202.419
76.7	202.886
76.8	203.353
76.9	203.821
77	204.289
77.1	204.758
77.2	205.228
77.3	205.698
77.4	206.169
77.5	206.64
77.6	207.112
77.7	207.584
77.8	208.056
77.9	208.53
78	209.003
78.1	209.477
78.2	209.952
78.3	210.427
78.4	210.903
78.5	211.379
78.6	211.856
78.7	212.333
78.8	212.811
78.9	213.289
79	213.767
79.1	214.246
79.2	214.725
79.3	215.205
79.4	215.685
79.5	216.166
79.6	216.648
79.7	217.13
79.8	217.612
79.9	218.095
80	218.579
80.1	219.063
80.2	219.548
80.3	220.033
80.4	220.519
80.5	221.005
80.6	221.492
80.7	221.979
80.8	222.467
80.9	222.956
81	223.444
81.1	223.934
81.2	224.424
81.3	224.914
81.4	225.405
81.5	225.896
81.6	226.388
81.7	226.88
81.8	227.373
81.9	227.866
82	228.36
82.1	228.854
82.2	229.349
82.3	229.845
82.4	230.34
82.5	230.837
82.6	231.333
82.7	231.831
82.8	232.328
82.9	232.827
83	233.326
83.1	233.825
83.2	234.326
83.3	234.826
83.4	235.327
83.5	235.829
83.6	236.332
83.7	236.835
83.8	237.339
83.9	237.843
84	238.348
84.1	238.853
84.2	239.359
84.3	239.865
84.4	240.372
84.5	240.879
84.6	241.387
84.7	241.896
84.8	242.404
84.9	242.914
85	243.424
85.1	243.934
85.2	244.445
85.3	244.957
85.4	245.469
85.5	245.981
85.6	246.495
85.7	247.008
85.8	247.523
85.9	248.038
86	248.553
86.1	249.069
86.2	249.585
86.3	250.102
86.4	250.619
86.5	251.137
86.6	251.656
86.7	252.175
86.8	252.694
86.9	253.214
87	253.734
87.1	254.256
87.2	254.777
87.3	255.299
87.4	255.822
87.5	256.345
87.6	256.869
87.7	257.394
87.8	257.918
87.9	258.444
88	258.97
88.1	259.496
88.2	260.023
88.3	260.551
88.4	261.079
88.5	261.608
88.6	262.138
88.7	262.668
88.8	263.198
88.9	263.729
89	264.261
89.1	264.793
89.2	265.326
89.3	265.859
89.4	266.393
89.5	266.928
89.6	267.462
89.7	267.998
89.8	268.534
89.9	269.07
90	269.607
90.1	270.145
90.2	270.683
90.3	271.221
90.4	271.761
90.5	272.3
90.6	272.841
90.7	273.381
90.8	273.922
90.9	274.464
91	275.006
91.1	275.549
91.2	276.092
91.3	276.636
91.4	277.181
91.5	277.725
91.6	278.271
91.7	278.817
91.8	279.363
91.9	279.91
92	280.458
92.1	281.006
92.2	281.554
92.3	282.104
92.4	282.654
92.5	283.204
92.6	283.755
92.7	284.307
92.8	284.859
92.9	285.411
93	285.964
93.1	286.518
93.2	287.072
93.3	287.626
93.4	288.181
93.5	288.737
93.6	289.293
93.7	289.85
93.8	290.407
93.9	290.965
94	291.523
94.1	292.082
94.2	292.641
94.3	293.201
94.4	293.761
94.5	294.322
94.6	294.883
94.7	295.445
94.8	296.007
94.9	296.57
95	297.134
95.1	297.698
95.2	298.262
95.3	298.827
95.4	299.393
95.5	299.959
95.6	300.526
95.7	301.093
95.8	301.66
95.9	302.229
96	302.798
96.1	303.367
96.2	303.937
96.3	304.508
96.4	305.079
96.5	305.65
96.6	306.222
96.7	306.795
96.8	307.368
96.9	307.942
97	308.516
97.1	309.091
97.2	309.666
97.3	310.242
97.4	310.818
97.5	311.395
97.6	311.973
97.7	312.551
97.8	313.13
97.9	313.709
98	314.288
98.1	314.869
98.2	315.449
98.3	316.031
98.4	316.613
98.5	317.195
98.6	317.778
98.7	318.362
98.8	318.946
98.9	319.53
99	320.116
99.1	320.701
99.2	321.287
99.3	321.874
99.4	322.461
99.5	323.049
99.6	323.638
99.7	324.226
99.8	324.816
99.9	325.406
100	325.997
100.1	326.587
100.2	327.179
100.3	327.771
100.4	328.364
100.5	328.957
100.6	329.551
100.7	330.145
100.8	330.739
100.9	331.334
101	331.93
101.1	332.526
101.2	333.123
101.3	333.72
101.4	334.318
101.5	334.917
101.6	335.516
101.7	336.115
101.8	336.715
101.9	337.316
102	337.917
102.1	338.518
102.2	339.12
102.3	339.723
102.4	340.326
102.5	340.93
102.6	341.534
102.7	342.138
102.8	342.743
102.9	343.349
103	343.955
103.1	344.562
103.2	345.169
103.3	345.777
103.4	346.385
103.5	346.994
103.6	347.603
103.7	348.213
103.8	348.823
103.9	349.434
104	350.045
104.1	350.657
104.2	351.27
104.3	351.883
104.4	352.496
104.5	353.111
104.6	353.725
104.7	354.341
104.8	354.956
104.9	355.572
105	356.189
105.1	356.806
105.2	357.424
105.3	358.042
105.4	358.661
105.5	359.281
105.6	359.9
105.7	360.521
105.8	361.142
105.9	361.763
106	362.385
106.1	363.008
106.2	363.631
106.3	364.254
106.4	364.878
106.5	365.503
106.6	366.128
106.7	366.754
106.8	367.38
106.9	368.007
107	368.635
107.1	369.262
107.2	369.891
107.3	370.52
107.4	371.149
107.5	371.779
107.6	372.41
107.7	373.042
107.8	373.673
107.9	374.306
108	374.939
108.1	375.573
108.2	376.207
108.3	376.841
108.4	377.477
108.5	378.113
108.6	378.749
108.7	379.386
108.8	380.023
108.9	380.661
109	381.3
109.1	381.939
109.2	382.579
109.3	383.219
109.4	383.859
109.5	384.501
109.6	385.142
109.7	385.785
109.8	386.427
109.9	387.071
110	387.714
110.1	388.359
110.2	389.004
110.3	389.649
110.4	390.295
110.5	390.942
110.6	391.588
110.7	392.236
110.8	392.883
110.9	393.532
111	394.18
111.1	394.83
111.2	395.479
111.3	396.13
111.4	396.781
111.5	397.432
111.6	398.084
111.7	398.737
111.8	399.39
111.9	400.043
112	400.697
112.1	401.351
112.2	402.006
112.3	402.661
112.4	403.317
112.5	403.974
112.6	404.631
112.7	405.289
112.8	405.947
112.9	406.606
113	407.265
113.1	407.925
113.2	408.586
113.3	409.247
113.4	409.908
113.5	410.571
113.6	411.233
113.7	411.897
113.8	412.56
113.9	413.225
114	413.889
114.1	414.554
114.2	415.22
114.3	415.886
114.4	416.553
114.5	417.22
114.6	417.888
114.7	418.556
114.8	419.225
114.9	419.894
115	420.564
115.1	421.235
115.2	421.905
115.3	422.577
115.4	423.248
115.5	423.921
115.6	424.593
115.7	425.267
115.8	425.94
115.9	426.615
116	427.289
116.1	427.965
116.2	428.64
116.3	429.317
116.4	429.993
116.5	430.671
116.6	431.348
116.7	432.027
116.8	432.705
116.9	433.385
117	434.065
117.1	434.745
117.2	435.427
117.3	436.108
117.4	436.79
117.5	437.473
117.6	438.156
117.7	438.84
117.8	439.524
117.9	440.209
118	440.894
118.1	441.58
118.2	442.267
118.3	442.954
118.4	443.641
118.5	444.329
118.6	445.018
118.7	445.707
118.8	446.397
118.9	447.087
119	447.777
119.1	448.468
119.2	449.16
119.3	449.852
119.4	450.545
119.5	451.238
119.6	451.932
119.7	452.626
119.8	453.321
119.9	454.017
120	454.713
120.1	455.409
120.2	456.106
120.3	456.804
120.4	457.502
120.5	458.201
120.6	458.9
120.7	459.6
120.8	460.301
120.9	461.002
121	461.703
121.1	462.405
121.2	463.108
121.3	463.811
121.4	464.515
121.5	465.219
121.6	465.923
121.7	466.629
121.8	467.334
121.9	468.041
122	468.748
122.1	469.455
122.2	470.163
122.3	470.872
122.4	471.581
122.5	472.29
122.6	473
122.7	473.71
122.8	474.421
122.9	475.133
123	475.845
123.1	476.557
123.2	477.27
123.3	477.984
123.4	478.698
123.5	479.412
123.6	480.127
123.7	480.843
123.8	481.559
123.9	482.276
124	482.993
124.1	483.711
124.2	484.429
124.3	485.148
124.4	485.867
124.5	486.587
124.6	487.307
124.7	488.028
124.8	488.75
124.9	489.472
125	490.194
125.1	490.917
125.2	491.641
125.3	492.366
125.4	493.09
125.5	493.816
125.6	494.542
125.7	495.268
125.8	495.995
125.9	496.722
126	497.45
126.1	498.178
126.2	498.907
126.3	499.636
126.4	500.366
126.5	501.096
126.6	501.827
126.7	502.558
126.8	503.29
126.9	504.022
127	504.755
127.1	505.489
127.2	506.222
127.3	506.957
127.4	507.692
127.5	508.427
127.6	509.163
127.7	509.9
127.8	510.637
127.9	511.374
128	512.112
128.1	512.851
128.2	513.59
128.3	514.33
128.4	515.07
128.5	515.811
128.6	516.553
128.7	517.294
128.8	518.037
128.9	518.78
129	519.523
129.1	520.267
129.2	521.011
129.3	521.756
129.4	522.502
129.5	523.248
129.6	523.995
129.7	524.742
129.8	525.49
129.9	526.238
130	526.987
130.1	527.737
130.2	528.486
130.3	529.237
130.4	529.987
130.5	530.739
130.6	531.49
130.7	532.243
130.8	532.996
130.9	533.749
131	534.504
131.1	535.258
131.2	536.013
131.3	536.769
131.4	537.525
131.5	538.282
131.6	539.039
131.7	539.797
131.8	540.555
131.9	541.314
132	542.073
132.1	542.833
132.2	543.593
132.3	544.354
132.4	545.116
132.5	545.878
132.6	546.64
132.7	547.404
132.8	548.167
132.9	548.931
133	549.696
133.1	550.461
133.2	551.227
133.3	551.993
133.4	552.759
133.5	553.527
133.6	554.295
133.7	555.063
133.8	555.832
133.9	556.602
134	557.372
134.1	558.142
134.2	558.913
134.3	559.685
134.4	560.457
134.5	561.229
134.6	562.002
134.7	562.775
134.8	563.55
134.9	564.324
135	565.1
135.1	565.876
135.2	566.652
135.3	567.429
135.4	568.206
135.5	568.984
135.6	569.762
135.7	570.541
135.8	571.321
135.9	572.101
136	572.882
136.1	573.663
136.2	574.445
136.3	575.227
136.4	576.01
136.5	576.793
136.6	577.577
136.7	578.361
136.8	579.146
136.9	579.932
137	580.718
137.1	581.504
137.2	582.291
137.3	583.079
137.4	583.867
137.5	584.656
137.6	585.445
137.7	586.235
137.8	587.025
137.9	587.817
138	588.608
138.1	589.4
138.2	590.193
138.3	590.986
138.4	591.78
138.5	592.575
138.6	593.369
138.7	594.164
138.8	594.96
138.9	595.756
139	596.553
139.1	597.351
139.2	598.148
139.3	598.947
139.4	599.745
139.5	600.545
139.6	601.345
139.7	602.145
139.8	602.946
139.9	603.748
140	604.55
140.1	605.352
140.2	606.155
140.3	606.959
140.4	607.763
140.5	608.567
140.6	609.372
140.7	610.178
140.8	610.984
140.9	611.79
141	612.597
141.1	613.405
141.2	614.213
141.3	615.021
141.4	615.83
141.5	616.64
141.6	617.45
141.7	618.261
141.8	619.072
141.9	619.884
142	620.696
142.1	621.509
142.2	622.323
142.3	623.137
142.4	623.951
142.5	624.767
142.6	625.582
142.7	626.399
142.8	627.216
142.9	628.033
143	628.851
143.1	629.67
143.2	630.489
143.3	631.309
143.4	632.129
143.5	632.95
143.6	633.771
143.7	634.592
143.8	635.414
143.9	636.237
144	637.06
144.1	637.883
144.2	638.708
144.3	639.532
144.4	640.357
144.5	641.183
144.6	642.01
144.7	642.837
144.8	643.664
144.9	644.492
145	645.321
145.1	646.15
145.2	646.98
145.3	647.81
145.4	648.641
145.5	649.473
145.6	650.305
145.7	651.138
145.8	651.971
145.9	652.804
146	653.638
146.1	654.473
146.2	655.309
146.3	656.144
146.4	656.981
146.5	657.818
146.6	658.655
146.7	659.493
146.8	660.331
146.9	661.17
147	662.009
147.1	662.849
147.2	663.69
147.3	664.53
147.4	665.372
147.5	666.213
147.6	667.056
147.7	667.899
147.8	668.742
147.9	669.586
148	670.43
148.1	671.275
148.2	672.12
148.3	672.966
148.4	673.813
148.5	674.66
148.6	675.508
148.7	676.356
148.8	677.205
148.9	678.054
149	678.903
149.1	679.753
149.2	680.604
149.3	681.455
149.4	682.307
149.5	683.159
149.6	684.012
149.7	684.865
149.8	685.718
149.9	686.572
150	687.427
150.1	688.282
150.2	689.137
150.3	689.993
150.4	690.85
150.5	691.707
150.6	692.565
150.7	693.423
150.8	694.281
150.9	695.14
151	696
151.1	696.86
151.2	697.72
151.3	698.581
151.4	699.443
151.5	700.305
151.6	701.167
151.7	702.03
151.8	702.894
151.9	703.758
152	704.622
152.1	705.487
152.2	706.352
152.3	707.217
152.4	708.084
152.5	708.95
152.6	709.817
152.7	710.685
152.8	711.553
152.9	712.422
153	713.291
153.1	714.161
153.2	715.031
153.3	715.902
153.4	716.774
153.5	717.645
153.6	718.518
153.7	719.391
153.8	720.264
153.9	721.138
154	722.013
154.1	722.888
154.2	723.763
154.3	724.639
154.4	725.516
154.5	726.394
154.6	727.271
154.7	728.15
154.8	729.029
154.9	729.909
155	730.789
155.1	731.669
155.2	732.55
155.3	733.432
155.4	734.314
155.5	735.197
155.6	736.08
155.7	736.964
155.8	737.848
155.9	738.733
156	739.619
156.1	740.505
156.2	741.392
156.3	742.279
156.4	743.167
156.5	744.055
156.6	744.944
156.7	745.833
156.8	746.723
156.9	747.614
157	748.505
157.1	749.397
157.2	750.289
157.3	751.181
157.4	752.075
157.5	752.969
157.6	753.863
157.7	754.758
157.8	755.653
157.9	756.549
158	757.445
158.1	758.342
158.2	759.24
158.3	760.138
158.4	761.037
158.5	761.936
158.6	762.836
158.7	763.736
158.8	764.637
158.9	765.539
159	766.44
159.1	767.343
159.2	768.246
159.3	769.15
159.4	770.054
159.5	770.959
159.6	771.864
159.7	772.77
159.8	773.676
159.9	774.583
160	775.491
160.1	776.399
160.2	777.308
160.3	778.217
160.4	779.127
160.5	780.037
160.6	780.948
160.7	781.859
160.8	782.771
160.9	783.683
161	784.596
161.1	785.51
161.2	786.424
161.3	787.338
161.4	788.253
161.5	789.168
161.6	790.084
161.7	791.001
161.8	791.918
161.9	792.835
162	793.753
162.1	794.672
162.2	795.591
162.3	796.51
162.4	797.43
162.5	798.351
162.6	799.272
162.7	800.194
162.8	801.116
162.9	802.039
163	802.962
163.1	803.886
163.2	804.811
163.3	805.736
163.4	806.661
163.5	807.587
163.6	808.514
163.7	809.441
163.8	810.369
163.9	811.297
164	812.226
164.1	813.156
164.2	814.086
164.3	815.016
164.4	815.947
164.5	816.879
164.6	817.811
164.7	818.743
164.8	819.676
164.9	820.61
165	821.544
165.1	822.479
165.2	823.414
165.3	824.35
165.4	825.286
165.5	826.223
165.6	827.16
165.7	828.098
165.8	829.037
165.9	829.976
166	830.915
166.1	831.856
166.2	832.796
166.3	833.738
166.4	834.679
166.5	835.622
166.6	836.565
166.7	837.508
166.8	838.452
166.9	839.397
167	840.342
167.1	841.288
167.2	842.234
167.3	843.181
167.4	844.128
167.5	845.076
167.6	846.024
167.7	846.973
167.8	847.923
167.9	848.873
168	849.823
168.1	850.775
168.2	851.726
168.3	852.679
168.4	853.631
168.5	854.585
168.6	855.539
168.7	856.493
168.8	857.448
168.9	858.404
169	859.36
169.1	860.317
169.2	861.274
169.3	862.231
169.4	863.19
169.5	864.148
169.6	865.108
169.7	866.068
169.8	867.029
169.9	867.99
170	868.952
170.1	869.914
170.2	870.877
170.3	871.841
170.4	872.805
170.5	873.769
170.6	874.734
170.7	875.7
170.8	876.666
170.9	877.633
171	878.6
171.1	879.567
171.2	880.536
171.3	881.504
171.4	882.473
171.5	883.443
171.6	884.413
171.7	885.384
171.8	886.355
171.9	887.327
172	888.299
172.1	889.272
172.2	890.245
172.3	891.219
172.4	892.193
172.5	893.168
172.6	894.143
172.7	895.119
172.8	896.096
172.9	897.073
173	898.05
173.1	899.028
173.2	900.007
173.3	900.986
173.4	901.965
173.5	902.945
173.6	903.925
173.7	904.906
173.8	905.887
173.9	906.869
174	907.851
174.1	908.834
174.2	909.817
174.3	910.801
174.4	911.785
174.5	912.77
174.6	913.755
174.7	914.741
174.8	915.728
174.9	916.714
175	917.701
175.1	918.689
175.2	919.677
175.3	920.666
175.4	921.655
175.5	922.645
175.6	923.636
175.7	924.626
175.8	925.618
175.9	926.61
176	927.603
176.1	928.596
176.2	929.59
176.3	930.584
176.4	931.579
176.5	932.574
176.6	933.57
176.7	934.567
176.8	935.564
176.9	936.562
177	937.56
177.1	938.559
177.2	939.559
177.3	940.559
177.4	941.559
177.5	942.561
177.6	943.562
177.7	944.565
177.8	945.568
177.9	946.571
178	947.575
178.1	948.58
178.2	949.585
178.3	950.591
178.4	951.597
178.5	952.603
178.6	953.61
178.7	954.618
178.8	955.626
178.9	956.635
179	957.644
179.1	958.653
179.2	959.664
179.3	960.675
179.4	961.686
179.5	962.698
179.6	963.711
179.7	964.725
179.8	965.739
179.9	966.753
180	967.768
180.1	968.784
180.2	969.8
180.3	970.817
180.4	971.834
180.5	972.852
180.6	973.871
180.7	974.89
180.8	975.909
180.9	976.929
181	977.95
181.1	978.971
181.2	979.993
181.3	981.015
181.4	982.038
181.5	983.061
181.6	984.085
181.7	985.11
181.8	986.135
181.9	987.16
182	988.186
182.1	989.212
182.2	990.24
182.3	991.267
182.4	992.295
182.5	993.324
182.6	994.353
182.7	995.383
182.8	996.413
182.9	997.444
183	998.476
183.1	999.507
183.2	1000.54
183.3	1001.57
183.4	1002.61
183.5	1003.64
183.6	1004.67
183.7	1005.71
183.8	1006.74
183.9	1007.78
184	1008.81
184.1	1009.85
184.2	1010.89
184.3	1011.93
184.4	1012.97
184.5	1014
184.6	1015.04
184.7	1016.08
184.8	1017.12
184.9	1018.17
185	1019.21
185.1	1020.25
185.2	1021.29
185.3	1022.34
185.4	1023.38
185.5	1024.42
185.6	1025.47
185.7	1026.51
185.8	1027.56
185.9	1028.61
186	1029.65
186.1	1030.7
186.2	1031.75
186.3	1032.8
186.4	1033.85
186.5	1034.89
186.6	1035.95
186.7	1037
186.8	1038.05
186.9	1039.1
187	1040.15
187.1	1041.2
187.2	1042.26
187.3	1043.31
187.4	1044.37
187.5	1045.42
187.6	1046.48
187.7	1047.53
187.8	1048.59
187.9	1049.65
188	1050.71
188.1	1051.76
188.2	1052.82
188.3	1053.88
188.4	1054.94
188.5	1056
188.6	1057.07
188.7	1058.13
188.8	1059.19
188.9	1060.25
189	1061.32
189.1	1062.38
189.2	1063.44
189.3	1064.51
189.4	1065.57
189.5	1066.64
189.6	1067.71
189.7	1068.77
189.8	1069.84
189.9	1070.91
190	1071.98
190.1	1073.05
190.2	1074.12
190.3	1075.19
190.4	1076.26
190.5	1077.33
190.6	1078.4
190.7	1079.48
190.8	1080.55
190.9	1081.63
191	1082.7
191.1	1083.78
191.2	1084.85
191.3	1085.93
191.4	1087
191.5	1088.08
191.6	1089.16
191.7	1090.24
191.8	1091.32
191.9	1092.4
192	1093.48
192.1	1094.56
192.2	1095.64
192.3	1096.72
192.4	1097.8
192.5	1098.89
192.6	1099.97
192.7	1101.05
192.8	1102.14
192.9	1103.22
193	1104.31
193.1	1105.4
193.2	1106.48
193.3	1107.57
193.4	1108.66
193.5	1109.74
193.6	1110.83
193.7	1111.92
193.8	1113.01
193.9	1114.1
194	1115.19
194.1	1116.28
194.2	1117.37
194.3	1118.46
194.4	1119.56
194.5	1120.65
194.6	1121.74
194.7	1122.84
194.8	1123.93
194.9	1125.03
195	1126.12
195.1	1127.22
195.2	1128.32
195.3	1129.41
195.4	1130.51
195.5	1131.61
195.6	1132.71
195.7	1133.81
195.8	1134.91
195.9	1136.01
196	1137.11
196.1	1138.21
196.2	1139.32
196.3	1140.42
196.4	1141.52
196.5	1142.63
196.6	1143.73
196.7	1144.84
196.8	1145.94
196.9	1147.05
197	1148.16
197.1	1149.26
197.2	1150.37
197.3	1151.48
197.4	1152.59
197.5	1153.7
197.6	1154.81
197.7	1155.92
197.8	1157.03
197.9	1158.14
198	1159.26
198.1	1160.37
198.2	1161.48
198.3	1162.6
198.4	1163.71
198.5	1164.83
198.6	1165.94
198.7	1167.06
198.8	1168.17
198.9	1169.29
199	1170.41
199.1	1171.53
199.2	1172.65
199.3	1173.76
199.4	1174.88
199.5	1176
199.6	1177.13
199.7	1178.25
199.8	1179.37
199.9	1180.49
200	1181.61
200.1	1182.74
200.2	1183.86
200.3	1184.99
200.4	1186.11
200.5	1187.24
200.6	1188.36
200.7	1189.49
200.8	1190.62
200.9	1191.75
201	1192.87
201.1	1194
201.2	1195.13
201.3	1196.26
201.4	1197.39
201.5	1198.52
201.6	1199.66
201.7	1200.79
201.8	1201.92
201.9	1203.05
202	1204.19
202.1	1205.32
202.2	1206.46
202.3	1207.59
202.4	1208.73
202.5	1209.87
202.6	1211
202.7	1212.14
202.8	1213.28
202.9	1214.42
203	1215.56
203.1	1216.7
203.2	1217.84
203.3	1218.98
203.4	1220.12
203.5	1221.26
203.6	1222.4
203.7	1223.55
203.8	1224.69
203.9	1225.83
204	1226.98
204.1	1228.12
204.2	1229.27
204.3	1230.42
204.4	1231.56
204.5	1232.71
204.6	1233.86
204.7	1235.01
204.8	1236.15
204.9	1237.3
205	1238.45
205.1	1239.6
205.2	1240.76
205.3	1241.91
205.4	1243.06
205.5	1244.21
205.6	1245.36
205.7	1246.52
205.8	1247.67
205.9	1248.83
206	1249.98
206.1	1251.14
206.2	1252.29
206.3	1253.45
206.4	1254.61
206.5	1255.76
206.6	1256.92
206.7	1258.08
206.8	1259.24
206.9	1260.4
207	1261.56
207.1	1262.72
207.2	1263.88
207.3	1265.04
207.4	1266.2
207.5	1267.37
207.6	1268.53
207.7	1269.69
207.8	1270.86
207.9	1272.02
208	1273.19
208.1	1274.35
208.2	1275.52
208.3	1276.69
208.4	1277.86
208.5	1279.02
208.6	1280.19
208.7	1281.36
208.8	1282.53
208.9	1283.7
209	1284.87
209.1	1286.04
209.2	1287.21
209.3	1288.39
209.4	1289.56
209.5	1290.73
209.6	1291.91
209.7	1293.08
209.8	1294.26
209.9	1295.43
210	1296.61
210.1	1297.78
210.2	1298.96
210.3	1300.14
210.4	1301.32
210.5	1302.49
210.6	1303.67
210.7	1304.85
210.8	1306.03
210.9	1307.21
211	1308.39
211.1	1309.57
211.2	1310.76
211.3	1311.94
211.4	1313.12
211.5	1314.31
211.6	1315.49
211.7	1316.67
211.8	1317.86
211.9	1319.05
212	1320.23
212.1	1321.42
212.2	1322.6
212.3	1323.79
212.4	1324.98
212.5	1326.17
212.6	1327.36
212.7	1328.55
212.8	1329.74
212.9	1330.93
213	1332.12
213.1	1333.32
213.2	1334.51
213.3	1335.7
213.4	1336.9
213.5	1338.09
213.6	1339.29
213.7	1340.48
213.8	1341.68
213.9	1342.87
214	1344.07
214.1	1345.27
214.2	1346.47
214.3	1347.67
214.4	1348.87
214.5	1350.07
214.6	1351.27
214.7	1352.47
214.8	1353.67
214.9	1354.87
215	1356.07
215.1	1357.28
215.2	1358.48
215.3	1359.69
215.4	1360.89
215.5	1362.1
215.6	1363.3
215.7	1364.51
215.8	1365.71
215.9	1366.92
216	1368.13
216.1	1369.34
216.2	1370.55
216.3	1371.76
216.4	1372.97
216.5	1374.18
216.6	1375.39
216.7	1376.6
216.8	1377.81
216.9	1379.03
217	1380.24
217.1	1381.45
217.2	1382.67
217.3	1383.88
217.4	1385.1
217.5	1386.31
217.6	1387.53
217.7	1388.75
217.8	1389.96
217.9	1391.18
218	1392.4
218.1	1393.62
218.2	1394.84
218.3	1396.06
218.4	1397.28
218.5	1398.5
218.6	1399.72
218.7	1400.94
218.8	1402.17
218.9	1403.39
219	1404.61
219.1	1405.83
219.2	1407.06
219.3	1408.28
219.4	1409.51
219.5	1410.74
219.6	1411.96
219.7	1413.19
219.8	1414.42
219.9	1415.64
220	1416.87
220.1	1418.1
220.2	1419.33
220.3	1420.56
220.4	1421.79
220.5	1423.02
220.6	1424.26
220.7	1425.49
220.8	1426.72
220.9	1427.96
221	1429.19
221.1	1430.42
221.2	1431.66
221.3	1432.9
221.4	1434.13
221.5	1435.37
221.6	1436.61
221.7	1437.84
221.8	1439.08
221.9	1440.32
222	1441.56
222.1	1442.8
222.2	1444.04
222.3	1445.29
222.4	1446.53
222.5	1447.77
222.6	1449.01
222.7	1450.26
222.8	1451.5
222.9	1452.75
223	1453.99
223.1	1455.24
223.2	1456.48
223.3	1457.73
223.4	1458.98
223.5	1460.23
223.6	1461.47
223.7	1462.72
223.8	1463.97
223.9	1465.22
224	1466.48
224.1	1467.73
224.2	1468.98
224.3	1470.23
224.4	1471.49
224.5	1472.74
224.6	1473.99
224.7	1475.25
224.8	1476.51
224.9	1477.76
225	1479.02
225.1	1480.28
225.2	1481.53
225.3	1482.79
225.4	1484.05
225.5	1485.31
225.6	1486.57
225.7	1487.83
225.8	1489.09
225.9	1490.35
226	1491.61
226.1	1492.88
226.2	1494.14
226.3	1495.4
226.4	1496.67
226.5	1497.93
226.6	1499.2
226.7	1500.46
226.8	1501.73
226.9	1502.99
227	1504.26
227.1	1505.53
227.2	1506.8
227.3	1508.07
227.4	1509.34
227.5	1510.61
227.6	1511.88
227.7	1513.15
227.8	1514.42
227.9	1515.69
228	1516.96
228.1	1518.23
228.2	1519.51
228.3	1520.78
228.4	1522.06
228.5	1523.33
228.6	1524.61
228.7	1525.88
228.8	1527.16
228.9	1528.44
229	1529.71
229.1	1530.99
229.2	1532.27
229.3	1533.55
229.4	1534.83
229.5	1536.11
229.6	1537.39
229.7	1538.67
229.8	1539.95
229.9	1541.23
230	1542.52
230.1	1543.8
230.2	1545.08
230.3	1546.37
230.4	1547.65
230.5	1548.94
230.6	1550.22
230.7	1551.51
230.8	1552.79
230.9	1554.08
231	1555.37
231.1	1556.66
231.2	1557.95
231.3	1559.24
231.4	1560.53
231.5	1561.82
231.6	1563.11
231.7	1564.4
231.8	1565.69
231.9	1566.98
232	1568.28
232.1	1569.57
232.2	1570.86
232.3	1572.16
232.4	1573.45
232.5	1574.75
232.6	1576.04
232.7	1577.34
232.8	1578.64
232.9	1579.93
233	1581.23
233.1	1582.53
233.2	1583.83
233.3	1585.13
233.4	1586.43
233.5	1587.73
233.6	1589.03
233.7	1590.33
233.8	1591.64
233.9	1592.94
234	1594.24
234.1	1595.55
234.2	1596.85
234.3	1598.16
234.4	1599.46
234.5	1600.77
234.6	1602.07
234.7	1603.38
234.8	1604.69
234.9	1606
235	1607.31
235.1	1608.62
235.2	1609.93
235.3	1611.24
235.4	1612.55
235.5	1613.86
235.6	1615.17
235.7	1616.48
235.8	1617.8
235.9	1619.11
236	1620.42
236.1	1621.74
236.2	1623.05
236.3	1624.37
236.4	1625.69
236.5	1627
236.6	1628.32
236.7	1629.64
236.8	1630.96
236.9	1632.27
237	1633.59
237.1	1634.91
237.2	1636.23
237.3	1637.56
237.4	1638.88
237.5	1640.2
237.6	1641.52
237.7	1642.85
237.8	1644.17
237.9	1645.49
238	1646.82
238.1	1648.14
238.2	1649.47
238.3	1650.79
238.4	1652.12
238.5	1653.45
238.6	1654.78
238.7	1656.1
238.8	1657.43
238.9	1658.76
239	1660.09
239.1	1661.42
239.2	1662.75
239.3	1664.08
239.4	1665.42
239.5	1666.75
239.6	1668.08
239.7	1669.41
239.8	1670.75
239.9	1672.08
240	1673.42
240.1	1674.75
240.2	1676.09
240.3	1677.43
240.4	1678.76
240.5	1680.1
240.6	1681.44
240.7	1682.78
240.8	1684.12
240.9	1685.46
241	1686.8
241.1	1688.14
241.2	1689.49
241.3	1690.83
241.4	1692.17
241.5	1693.52
241.6	1694.86
241.7	1696.21
241.8	1697.55
241.9	1698.9
242	1700.25
242.1	1701.59
242.2	1702.94
242.3	1704.29
242.4	1705.64
242.5	1706.99
242.6	1708.34
242.7	1709.69
242.8	1711.04
242.9	1712.39
243	1713.75
243.1	1715.1
243.2	1716.45
243.3	1717.81
243.4	1719.16
243.5	1720.51
243.6	1721.87
243.7	1723.23
243.8	1724.58
243.9	1725.94
244	1727.3
244.1	1728.65
244.2	1730.01
244.3	1731.37
244.4	1732.73
244.5	1734.09
244.6	1735.45
244.7	1736.81
244.8	1738.17
244.9	1739.53
245	1740.9
245.1	1742.26
245.2	1743.62
245.3	1744.98
245.4	1746.35
245.5	1747.71
245.6	1749.08
245.7	1750.44
245.8	1751.81
245.9	1753.18
246	1754.54
246.1	1755.91
246.2	1757.28
246.3	1758.65
246.4	1760.02
246.5	1761.39
246.6	1762.76
246.7	1764.13
246.8	1765.5
246.9	1766.88
247	1768.25
247.1	1769.62
247.2	1771
247.3	1772.37
247.4	1773.75
247.5	1775.12
247.6	1776.5
247.7	1777.87
247.8	1779.25
247.9	1780.63
248	1782.01
248.1	1783.38
248.2	1784.76
248.3	1786.14
248.4	1787.52
248.5	1788.9
248.6	1790.29
248.7	1791.67
248.8	1793.05
248.9	1794.43
249	1795.82
249.1	1797.2
249.2	1798.59
249.3	1799.97
249.4	1801.36
249.5	1802.74
249.6	1804.13
249.7	1805.52
249.8	1806.91
249.9	1808.29
250	1809.68
250.1	1811.07
250.2	1812.46
250.3	1813.85
250.4	1815.24
250.5	1816.64
250.6	1818.03
250.7	1819.42
250.8	1820.81
250.9	1822.21
251	1823.6
251.1	1825
251.2	1826.39
251.3	1827.79
251.4	1829.18
251.5	1830.58
251.6	1831.98
251.7	1833.38
251.8	1834.77
251.9	1836.17
252	1837.57
252.1	1838.97
252.2	1840.38
252.3	1841.78
252.4	1843.18
252.5	1844.58
252.6	1845.99
252.7	1847.39
252.8	1848.79
252.9	1850.2
253	1851.6
253.1	1853.01
253.2	1854.42
253.3	1855.82
253.4	1857.23
253.5	1858.64
253.6	1860.05
253.7	1861.46
253.8	1862.87
253.9	1864.28
254	1865.69
254.1	1867.1
254.2	1868.51
254.3	1869.92
254.4	1871.34
254.5	1872.75
254.6	1874.17
254.7	1875.58
254.8	1876.99
254.9	1878.41
255	1879.83
255.1	1881.24
255.2	1882.66
255.3	1884.08
255.4	1885.5
255.5	1886.92
255.6	1888.33
255.7	1889.75
255.8	1891.17
255.9	1892.59
256	1894.02
256.1	1895.44
256.2	1896.86
256.3	1898.28
256.4	1899.71
256.5	1901.13
256.6	1902.55
256.7	1903.98
256.8	1905.4
256.9	1906.83
257	1908.26
257.1	1909.68
257.2	1911.11
257.3	1912.54
257.4	1913.97
257.5	1915.4
257.6	1916.82
257.7	1918.25
257.8	1919.68
257.9	1921.11
258	1922.55
258.1	1923.98
258.2	1925.41
258.3	1926.84
258.4	1928.28
258.5	1929.71
258.6	1931.14
258.7	1932.58
258.8	1934.02
258.9	1935.45
259	1936.89
259.1	1938.32
259.2	1939.76
259.3	1941.2
259.4	1942.64
259.5	1944.08
259.6	1945.52
259.7	1946.96
259.8	1948.4
259.9	1949.84
260	1951.28
260.1	1952.72
260.2	1954.16
260.3	1955.61
260.4	1957.05
260.5	1958.49
260.6	1959.94
260.7	1961.38
260.8	1962.83
260.9	1964.28
261	1965.72
261.1	1967.17
261.2	1968.62
261.3	1970.06
261.4	1971.51
261.5	1972.96
261.6	1974.41
261.7	1975.86
261.8	1977.31
261.9	1978.76
262	1980.22
262.1	1981.67
262.2	1983.12
262.3	1984.58
262.4	1986.03
262.5	1987.48
262.6	1988.94
262.7	1990.39
262.8	1991.85
262.9	1993.31
263	1994.76
263.1	1996.22
263.2	1997.68
263.3	1999.14
263.4	2000.6
263.5	2002.06
263.6	2003.52
263.7	2004.98
263.8	2006.44
263.9	2007.9
264	2009.36
264.1	2010.82
264.2	2012.29
264.3	2013.75
264.4	2015.21
264.5	2016.68
264.6	2018.14
264.7	2019.61
264.8	2021.07
264.9	2022.54
265	2024.01
265.1	2025.47
265.2	2026.94
265.3	2028.41
265.4	2029.88
265.5	2031.35
265.6	2032.82
265.7	2034.29
265.8	2035.76
265.9	2037.24
266	2038.71
266.1	2040.18
266.2	2041.66
266.3	2043.13
266.4	2044.61
266.5	2046.08
266.6	2047.56
266.7	2049.03
266.8	2050.51
266.9	2051.99
267	2053.47
267.1	2054.94
267.2	2056.42
267.3	2057.9
267.4	2059.38
267.5	2060.86
267.6	2062.35
267.7	2063.83
267.8	2065.31
267.9	2066.79
268	2068.28
268.1	2069.76
268.2	2071.25
268.3	2072.73
268.4	2074.22
268.5	2075.7
268.6	2077.19
268.7	2078.68
268.8	2080.16
268.9	2081.65
269	2083.14
269.1	2084.63
269.2	2086.12
269.3	2087.61
269.4	2089.1
269.5	2090.59
269.6	2092.08
269.7	2093.58
269.8	2095.07
269.9	2096.56
270	2098.06
270.1	2099.55
270.2	2101.04
270.3	2102.54
270.4	2104.04
270.5	2105.53
270.6	2107.03
270.7	2108.53
270.8	2110.03
270.9	2111.52
271	2113.02
271.1	2114.52
271.2	2116.02
271.3	2117.52
271.4	2119.03
271.5	2120.53
271.6	2122.03
271.7	2123.53
271.8	2125.03
271.9	2126.54
272	2128.04
272.1	2129.55
272.2	2131.05
272.3	2132.56
272.4	2134.06
272.5	2135.57
272.6	2137.08
272.7	2138.59
272.8	2140.1
272.9	2141.6
273	2143.11
273.1	2144.62
273.2	2146.14
273.3	2147.65
273.4	2149.16
273.5	2150.67
273.6	2152.19
273.7	2153.7
273.8	2155.21
273.9	2156.73
274	2158.24
274.1	2159.76
274.2	2161.28
274.3	2162.79
274.4	2164.31
274.5	2165.83
274.6	2167.35
274.7	2168.87
274.8	2170.38
274.9	2171.9
275	2173.42
275.1	2174.95
275.2	2176.47
275.3	2177.99
275.4	2179.51
275.5	2181.03
275.6	2182.55
275.7	2184.08
275.8	2185.6
275.9	2187.13
276	2188.65
276.1	2190.18
276.2	2191.7
276.3	2193.23
276.4	2194.75
276.5	2196.28
276.6	2197.81
276.7	2199.34
276.8	2200.87
276.9	2202.4
277	2203.93
277.1	2205.46
277.2	2206.99
277.3	2208.52
277.4	2210.05
277.5	2211.58
277.6	2213.12
277.7	2214.65
277.8	2216.19
277.9	2217.72
278	2219.25
278.1	2220.79
278.2	2222.33
278.3	2223.86
278.4	2225.4
278.5	2226.94
278.6	2228.48
278.7	2230.01
278.8	2231.55
278.9	2233.09
279	2234.63
279.1	2236.17
279.2	2237.72
279.3	2239.26
279.4	2240.8
279.5	2242.34
279.6	2243.88
279.7	2245.43
279.8	2246.97
279.9	2248.52
280	2250.06
280.1	2251.61
280.2	2253.15
280.3	2254.7
280.4	2256.25
280.5	2257.8
280.6	2259.34
280.7	2260.89
280.8	2262.44
280.9	2263.99
281	2265.54
281.1	2267.09
281.2	2268.65
281.3	2270.2
281.4	2271.75
281.5	2273.3
281.6	2274.86
281.7	2276.41
281.8	2277.97
281.9	2279.52
282	2281.08
282.1	2282.63
282.2	2284.19
282.3	2285.75
282.4	2287.31
282.5	2288.87
282.6	2290.43
282.7	2291.99
282.8	2293.55
282.9	2295.11
283	2296.67
283.1	2298.23
283.2	2299.79
283.3	2301.35
283.4	2302.92
283.5	2304.48
283.6	2306.05
283.7	2307.61
283.8	2309.18
283.9	2310.74
284	2312.31
284.1	2313.88
284.2	2315.44
284.3	2317.01
284.4	2318.58
284.5	2320.15
284.6	2321.72
284.7	2323.29
284.8	2324.86
284.9	2326.43
285	2328
285.1	2329.58
285.2	2331.15
285.3	2332.72
285.4	2334.3
285.5	2335.87
285.6	2337.45
285.7	2339.02
285.8	2340.6
285.9	2342.18
286	2343.75
286.1	2345.33
286.2	2346.91
286.3	2348.49
286.4	2350.07
286.5	2351.65
286.6	2353.23
286.7	2354.81
286.8	2356.39
286.9	2357.97
287	2359.56
287.1	2361.14
287.2	2362.72
287.3	2364.31
287.4	2365.89
287.5	2367.48
287.6	2369.06
287.7	2370.65
287.8	2372.23
287.9	2373.82
288	2375.41
288.1	2377
288.2	2378.59
288.3	2380.18
288.4	2381.77
288.5	2383.36
288.6	2384.95
288.7	2386.54
288.8	2388.13
288.9	2389.72
289	2391.31
289.1	2392.91
289.2	2394.5
289.3	2396.1
289.4	2397.69
289.5	2399.29
289.6	2400.88
289.7	2402.48
289.8	2404.08
289.9	2405.67
290	2407.27
290.1	2408.87
290.2	2410.47
290.3	2412.07
290.4	2413.67
290.5	2415.27
290.6	2416.87
290.7	2418.48
290.8	2420.08
290.9	2421.68
291	2423.29
291.1	2424.89
291.2	2426.49
291.3	2428.1
291.4	2429.71
291.5	2431.31
291.6	2432.92
291.7	2434.53
291.8	2436.13
291.9	2437.74
292	2439.35
292.1	2440.96
292.2	2442.57
292.3	2444.18
292.4	2445.8
292.5	2447.41
292.6	2449.02
292.7	2450.63
292.8	2452.25
292.9	2453.86
293	2455.48
293.1	2457.09
293.2	2458.71
293.3	2460.32
293.4	2461.94
293.5	2463.56
293.6	2465.18
293.7	2466.79
293.8	2468.41
293.9	2470.03
294	2471.65
294.1	2473.27
294.2	2474.89
294.3	2476.52
294.4	2478.14
294.5	2479.76
294.6	2481.38
294.7	2483.01
294.8	2484.63
294.9	2486.26
295	2487.88
295.1	2489.51
295.2	2491.13
295.3	2492.76
295.4	2494.38
295.5	2496.01
295.6	2497.64
295.7	2499.27
295.8	2500.9
295.9	2502.53
296	2504.16
296.1	2505.79
296.2	2507.42
296.3	2509.05
296.4	2510.69
296.5	2512.32
296.6	2513.95
296.7	2515.59
296.8	2517.22
296.9	2518.86
297	2520.49
297.1	2522.13
297.2	2523.77
297.3	2525.41
297.4	2527.04
297.5	2528.68
297.6	2530.32
297.7	2531.96
297.8	2533.6
297.9	2535.24
298	2536.88
298.1	2538.53
298.2	2540.17
298.3	2541.81
298.4	2543.45
298.5	2545.1
298.6	2546.74
298.7	2548.39
298.8	2550.03
298.9	2551.68
299	2553.33
299.1	2554.97
299.2	2556.62
299.3	2558.27
299.4	2559.92
299.5	2561.57
299.6	2563.22
299.7	2564.87
299.8	2566.52
299.9	2568.17
300	2569.82
300.1	2571.47
300.2	2573.13
300.3	2574.78
300.4	2576.44
300.5	2578.09
300.6	2579.75
300.7	2581.4
300.8	2583.06
300.9	2584.72
301	2586.37
301.1	2588.03
301.2	2589.69
301.3	2591.35
301.4	2593.01
301.5	2594.67
301.6	2596.33
301.7	2597.99
301.8	2599.65
301.9	2601.32
302	2602.98
302.1	2604.64
302.2	2606.31
302.3	2607.97
302.4	2609.64
302.5	2611.3
302.6	2612.97
302.7	2614.64
302.8	2616.3
302.9	2617.97
303	2619.64
303.1	2621.31
303.2	2622.98
303.3	2624.65
303.4	2626.32
303.5	2627.99
303.6	2629.66
303.7	2631.33
303.8	2633
303.9	2634.68
304	2636.35
304.1	2638.03
304.2	2639.7
304.3	2641.38
304.4	2643.05
304.5	2644.73
304.6	2646.4
304.7	2648.08
304.8	2649.76
304.9	2651.44
305	2653.12
305.1	2654.8
305.2	2656.48
305.3	2658.16
305.4	2659.84
305.5	2661.52
305.6	2663.21
305.7	2664.89
305.8	2666.57
305.9	2668.26
306	2669.94
306.1	2671.62
306.2	2673.31
306.3	2675
306.4	2676.68
306.5	2678.37
306.6	2680.06
306.7	2681.75
306.8	2683.44
306.9	2685.13
307	2686.82
307.1	2688.51
307.2	2690.2
307.3	2691.89
307.4	2693.58
307.5	2695.27
307.6	2696.97
307.7	2698.66
307.8	2700.36
307.9	2702.05
308	2703.75
308.1	2705.44
308.2	2707.14
308.3	2708.84
308.4	2710.53
308.5	2712.23
308.6	2713.93
308.7	2715.63
308.8	2717.33
308.9	2719.03
309	2720.73
309.1	2722.43
309.2	2724.13
309.3	2725.84
309.4	2727.54
309.5	2729.24
309.6	2730.95
309.7	2732.65
309.8	2734.36
309.9	2736.06
310	2737.77
310.1	2739.48
310.2	2741.19
310.3	2742.89
310.4	2744.6
310.5	2746.31
310.6	2748.02
310.7	2749.73
310.8	2751.44
310.9	2753.15
311	2754.87
311.1	2756.58
311.2	2758.29
311.3	2760
311.4	2761.72
311.5	2763.43
311.6	2765.15
311.7	2766.86
311.8	2768.58
311.9	2770.3
312	2772.01
312.1	2773.73
312.2	2775.45
312.3	2777.17
312.4	2778.89
312.5	2780.61
312.6	2782.33
312.7	2784.05
312.8	2785.77
312.9	2787.49
313	2789.22
313.1	2790.94
313.2	2792.66
313.3	2794.39
313.4	2796.11
313.5	2797.84
313.6	2799.56
313.7	2801.29
313.8	2803.02
313.9	2804.74
314	2806.47
314.1	2808.2
314.2	2809.93
314.3	2811.66
314.4	2813.39
314.5	2815.12
314.6	2816.85
314.7	2818.58
314.8	2820.31
314.9	2822.05
315	2823.78
315.1	2825.51
315.2	2827.25
315.3	2828.98
315.4	2830.72
315.5	2832.46
315.6	2834.19
315.7	2835.93
315.8	2837.67
315.9	2839.41
316	2841.14
316.1	2842.88
316.2	2844.62
316.3	2846.36
316.4	2848.1
316.5	2849.85
316.6	2851.59
316.7	2853.33
316.8	2855.07
316.9	2856.82
317	2858.56
317.1	2860.3
317.2	2862.05
317.3	2863.79
317.4	2865.54
317.5	2867.29
317.6	2869.04
317.7	2870.78
317.8	2872.53
317.9	2874.28
318	2876.03
318.1	2877.78
318.2	2879.53
318.3	2881.28
318.4	2883.03
318.5	2884.78
318.6	2886.54
318.7	2888.29
318.8	2890.04
318.9	2891.8
319	2893.55
319.1	2895.31
319.2	2897.07
319.3	2898.82
319.4	2900.58
319.5	2902.34
319.6	2904.09
319.7	2905.85
319.8	2907.61
319.9	2909.37
320	2911.13
320.1	2912.89
320.2	2914.65
320.3	2916.41
320.4	2918.17
320.5	2919.94
320.6	2921.7
320.7	2923.46
320.8	2925.23
320.9	2926.99
321	2928.75
321.1	2930.52
321.2	2932.29
321.3	2934.05
321.4	2935.82
321.5	2937.59
321.6	2939.35
321.7	2941.12
321.8	2942.89
321.9	2944.66
322	2946.43
322.1	2948.2
322.2	2949.97
322.3	2951.75
322.4	2953.52
322.5	2955.29
322.6	2957.07
322.7	2958.84
322.8	2960.61
322.9	2962.39
323	2964.17
323.1	2965.94
323.2	2967.72
323.3	2969.5
323.4	2971.28
323.5	2973.05
323.6	2974.83
323.7	2976.61
323.8	2978.39
323.9	2980.17
324	2981.95
324.1	2983.74
324.2	2985.52
324.3	2987.3
324.4	2989.08
324.5	2990.87
324.6	2992.65
324.7	2994.43
324.8	2996.22
324.9	2998.01
325	2999.79
325.1	3001.58
325.2	3003.37
325.3	3005.15
325.4	3006.94
325.5	3008.73
325.6	3010.52
325.7	3012.31
325.8	3014.1
325.9	3015.89
326	3017.68
326.1	3019.47
326.2	3021.27
326.3	3023.06
326.4	3024.85
326.5	3026.65
326.6	3028.44
326.7	3030.24
326.8	3032.03
326.9	3033.83
327	3035.62
327.1	3037.42
327.2	3039.22
327.3	3041.02
327.4	3042.82
327.5	3044.61
327.6	3046.41
327.7	3048.22
327.8	3050.02
327.9	3051.82
328	3053.62
328.1	3055.42
328.2	3057.23
328.3	3059.03
328.4	3060.83
328.5	3062.64
328.6	3064.44
328.7	3066.25
328.8	3068.06
328.9	3069.86
329	3071.67
329.1	3073.48
329.2	3075.29
329.3	3077.09
329.4	3078.9
329.5	3080.71
329.6	3082.52
329.7	3084.34
329.8	3086.15
329.9	3087.96
330	3089.77
330.1	3091.58
330.2	3093.4
330.3	3095.21
330.4	3097.02
330.5	3098.84
330.6	3100.65
330.7	3102.47
330.8	3104.29
330.9	3106.1
331	3107.92
331.1	3109.74
331.2	3111.56
331.3	3113.38
331.4	3115.2
331.5	3117.02
331.6	3118.84
331.7	3120.66
331.8	3122.48
331.9	3124.3
332	3126.12
332.1	3127.95
332.2	3129.77
332.3	3131.59
332.4	3133.42
332.5	3135.24
332.6	3137.07
332.7	3138.89
332.8	3140.72
332.9	3142.55
333	3144.38
333.1	3146.2
333.2	3148.03
333.3	3149.86
333.4	3151.69
333.5	3153.52
333.6	3155.35
333.7	3157.19
333.8	3159.02
333.9	3160.85
334	3162.68
334.1	3164.52
334.2	3166.35
334.3	3168.19
334.4	3170.02
334.5	3171.86
334.6	3173.69
334.7	3175.53
334.8	3177.37
334.9	3179.2
335	3181.04
335.1	3182.88
335.2	3184.72
335.3	3186.56
335.4	3188.4
335.5	3190.24
335.6	3192.08
335.7	3193.92
335.8	3195.77
335.9	3197.61
336	3199.45
336.1	3201.3
336.2	3203.14
336.3	3204.99
336.4	3206.83
336.5	3208.68
336.6	3210.52
336.7	3212.37
336.8	3214.22
336.9	3216.07
337	3217.92
337.1	3219.77
337.2	3221.62
337.3	3223.47
337.4	3225.32
337.5	3227.17
337.6	3229.02
337.7	3230.87
337.8	3232.73
337.9	3234.58
338	3236.44
338.1	3238.29
338.2	3240.15
338.3	3242
338.4	3243.86
338.5	3245.71
338.6	3247.57
338.7	3249.43
338.8	3251.29
338.9	3253.15
339	3255.01
339.1	3256.87
339.2	3258.73
339.3	3260.59
339.4	3262.45
339.5	3264.31
339.6	3266.17
339.7	3268.04
339.8	3269.9
339.9	3271.77
340	3273.63
340.1	3275.5
340.2	3277.36
340.3	3279.23
340.4	3281.1
340.5	3282.96
340.6	3284.83
340.7	3286.7
340.8	3288.57
340.9	3290.44
341	3292.31
341.1	3294.18
341.2	3296.05
341.3	3297.92
341.4	3299.8
341.5	3301.67
341.6	3303.54
341.7	3305.42
341.8	3307.29
341.9	3309.17
342	3311.04
342.1	3312.92
342.2	3314.8
342.3	3316.68
342.4	3318.55
342.5	3320.43
342.6	3322.31
342.7	3324.19
342.8	3326.07
342.9	3327.95
343	3329.83
343.1	3331.71
343.2	3333.6
343.3	3335.48
343.4	3337.36
343.5	3339.24
343.6	3341.13
343.7	3343.01
343.8	3344.9
343.9	3346.78
344	3348.67
344.1	3350.56
344.2	3352.44
344.3	3354.33
344.4	3356.22
344.5	3358.11
344.6	3360
344.7	3361.89
344.8	3363.78
344.9	3365.67
345	3367.56
345.1	3369.46
345.2	3371.35
345.3	3373.24
345.4	3375.14
345.5	3377.03
345.6	3378.93
345.7	3380.82
345.8	3382.72
345.9	3384.61
346	3386.51
346.1	3388.41
346.2	3390.31
346.3	3392.21
346.4	3394.11
346.5	3396.01
346.6	3397.91
346.7	3399.81
346.8	3401.71
346.9	3403.61
347	3405.52
347.1	3407.42
347.2	3409.32
347.3	3411.23
347.4	3413.13
347.5	3415.04
347.6	3416.94
347.7	3418.85
347.8	3420.76
347.9	3422.66
348	3424.57
348.1	3426.48
348.2	3428.39
348.3	3430.3
348.4	3432.21
348.5	3434.12
348.6	3436.03
348.7	3437.94
348.8	3439.85
348.9	3441.76
349	3443.68
349.1	3445.59
349.2	3447.5
349.3	3449.42
349.4	3451.33
349.5	3453.25
349.6	3455.17
349.7	3457.08
349.8	3459
349.9	3460.92
350	3462.84
350.1	3464.75
350.2	3466.67
350.3	3468.59
350.4	3470.51
350.5	3472.43
350.6	3474.36
350.7	3476.28
350.8	3478.2
350.9	3480.12
351	3482.05
351.1	3483.97
351.2	3485.89
351.3	3487.82
351.4	3489.74
351.5	3491.67
351.6	3493.6
351.7	3495.52
351.8	3497.45
351.9	3499.38
352	3501.31
352.1	3503.24
352.2	3505.16
352.3	3507.09
352.4	3509.03
352.5	3510.96
352.6	3512.89
352.7	3514.82
352.8	3516.75
352.9	3518.69
353	3520.62
353.1	3522.56
353.2	3524.49
353.3	3526.43
353.4	3528.36
353.5	3530.3
353.6	3532.24
353.7	3534.17
353.8	3536.11
353.9	3538.05
354	3539.99
354.1	3541.93
354.2	3543.87
354.3	3545.81
354.4	3547.75
354.5	3549.69
354.6	3551.63
354.7	3553.58
354.8	3555.52
354.9	3557.46
355	3559.41
355.1	3561.35
355.2	3563.3
355.3	3565.25
355.4	3567.19
355.5	3569.14
355.6	3571.09
355.7	3573.03
355.8	3574.98
355.9	3576.93
356	3578.88
356.1	3580.83
356.2	3582.78
356.3	3584.73
356.4	3586.68
356.5	3588.64
356.6	3590.59
356.7	3592.54
356.8	3594.5
356.9	3596.45
357	3598.4
357.1	3600.36
357.2	3602.32
357.3	3604.27
357.4	3606.23
357.5	3608.19
357.6	3610.14
357.7	3612.1
357.8	3614.06
357.9	3616.02
358	3617.98
358.1	3619.94
358.2	3621.9
358.3	3623.86
358.4	3625.82
358.5	3627.78
358.6	3629.75
358.7	3631.71
358.8	3633.67
358.9	3635.64
359	3637.6
359.1	3639.57
359.2	3641.53
359.3	3643.5
359.4	3645.47
359.5	3647.44
359.6	3649.4
359.7	3651.37
359.8	3653.34
359.9	3655.31
360	3657.28
360.1	3659.25
360.2	3661.22
360.3	3663.2
360.4	3665.17
360.5	3667.14
360.6	3669.11
360.7	3671.09
360.8	3673.06
360.9	3675.04
361	3677.01
361.1	3678.99
361.2	3680.97
361.3	3682.94
361.4	3684.92
361.5	3686.9
361.6	3688.88
361.7	3690.86
361.8	3692.84
361.9	3694.82
362	3696.8
362.1	3698.78
362.2	3700.76
362.3	3702.74
362.4	3704.72
362.5	3706.71
362.6	3708.69
362.7	3710.67
362.8	3712.66
362.9	3714.64
363	3716.63
363.1	3718.62
363.2	3720.6
363.3	3722.59
363.4	3724.58
363.5	3726.57
363.6	3728.55
363.7	3730.54
363.8	3732.53
363.9	3734.52
364	3736.51
364.1	3738.5
364.2	3740.5
364.3	3742.49
364.4	3744.48
364.5	3746.47
364.6	3748.47
364.7	3750.46
364.8	3752.46
364.9	3754.45
365	3756.45
365.1	3758.45
365.2	3760.44
365.3	3762.44
365.4	3764.44
365.5	3766.44
365.6	3768.43
365.7	3770.43
365.8	3772.43
365.9	3774.43
366	3776.43
366.1	3778.43
366.2	3780.44
366.3	3782.44
366.4	3784.44
366.5	3786.44
366.6	3788.45
366.7	3790.45
366.8	3792.46
366.9	3794.46
367	3796.47
367.1	3798.47
367.2	3800.48
367.3	3802.49
367.4	3804.5
367.5	3806.5
367.6	3808.51
367.7	3810.52
367.8	3812.53
367.9	3814.54
368	3816.55
368.1	3818.57
368.2	3820.58
368.3	3822.59
368.4	3824.6
368.5	3826.62
368.6	3828.63
368.7	3830.64
368.8	3832.66
368.9	3834.67
369	3836.69
369.1	3838.71
369.2	3840.72
369.3	3842.74
369.4	3844.76
369.5	3846.78
369.6	3848.79
369.7	3850.81
369.8	3852.83
369.9	3854.85
370	3856.88
370.1	3858.9
370.2	3860.92
370.3	3862.94
370.4	3864.97
370.5	3866.99
370.6	3869.01
370.7	3871.04
370.8	3873.07
370.9	3875.09
371	3877.12
371.1	3879.15
371.2	3881.18
371.3	3883.2
371.4	3885.23
371.5	3887.26
371.6	3889.29
371.7	3891.32
371.8	3893.35
371.9	3895.39
372	3897.42
372.1	3899.45
372.2	3901.49
372.3	3903.52
372.4	3905.55
372.5	3907.59
372.6	3909.62
372.7	3911.66
372.8	3913.69
372.9	3915.73
373	3917.77
373.1	3919.81
373.2	3921.84
373.3	3923.88
373.4	3925.92
373.5	3927.96
373.6	3930
373.7	3932.04
373.8	3934.09
373.9	3936.13
374	3938.17
374.1	3940.21
374.2	3942.26
374.3	3944.3
374.4	3946.34
374.5	3948.39
374.6	3950.44
374.7	3952.48
374.8	3954.53
374.9	3956.58
375	3958.62
375.1	3960.67
375.2	3962.72
375.3	3964.77
375.4	3966.82
375.5	3968.87
375.6	3970.92
375.7	3972.98
375.8	3975.03
375.9	3977.08
376	3979.13
376.1	3981.19
376.2	3983.24
376.3	3985.3
376.4	3987.35
376.5	3989.41
376.6	3991.47
376.7	3993.52
376.8	3995.58
376.9	3997.64
377	3999.7
377.1	4001.76
377.2	4003.82
377.3	4005.88
377.4	4007.94
377.5	4010
377.6	4012.06
377.7	4014.12
377.8	4016.18
377.9	4018.25
378	4020.31
378.1	4022.38
378.2	4024.44
378.3	4026.51
378.4	4028.57
378.5	4030.64
378.6	4032.7
378.7	4034.77
378.8	4036.84
378.9	4038.91
379	4040.98
379.1	4043.04
379.2	4045.11
379.3	4047.18
379.4	4049.25
379.5	4051.33
379.6	4053.4
379.7	4055.47
379.8	4057.54
379.9	4059.62
380	4061.69
380.1	4063.77
380.2	4065.84
380.3	4067.92
380.4	4069.99
380.5	4072.07
380.6	4074.15
380.7	4076.23
380.8	4078.3
380.9	4080.38
381	4082.46
381.1	4084.54
381.2	4086.62
381.3	4088.7
381.4	4090.78
381.5	4092.86
381.6	4094.95
381.7	4097.03
381.8	4099.11
381.9	4101.2
382	4103.28
382.1	4105.36
382.2	4107.45
382.3	4109.53
382.4	4111.62
382.5	4113.7
382.6	4115.79
382.7	4117.88
382.8	4119.96
382.9	4122.05
383	4124.14
383.1	4126.23
383.2	4128.32
383.3	4130.41
383.4	4132.5
383.5	4134.59
383.6	4136.68
383.7	4138.78
383.8	4140.87
383.9	4142.96
384	4145.06
384.1	4147.15
384.2	4149.24
384.3	4151.34
384.4	4153.44
384.5	4155.53
384.6	4157.63
384.7	4159.73
384.8	4161.83
384.9	4163.92
385	4166.02
385.1	4168.12
385.2	4170.22
385.3	4172.33
385.4	4174.43
385.5	4176.53
385.6	4178.63
385.7	4180.73
385.8	4182.84
385.9	4184.94
386	4187.05
386.1	4189.15
386.2	4191.26
386.3	4193.36
386.4	4195.47
386.5	4197.58
386.6	4199.69
386.7	4201.79
386.8	4203.9
386.9	4206.01
387	4208.12
387.1	4210.23
387.2	4212.34
387.3	4214.45
387.4	4216.56
387.5	4218.68
387.6	4220.79
387.7	4222.9
387.8	4225.02
387.9	4227.13
388	4229.25
388.1	4231.36
388.2	4233.48
388.3	4235.59
388.4	4237.71
388.5	4239.83
388.6	4241.95
388.7	4244.07
388.8	4246.19
388.9	4248.31
389	4250.43
389.1	4252.55
389.2	4254.67
389.3	4256.79
389.4	4258.91
389.5	4261.04
389.6	4263.16
389.7	4265.28
389.8	4267.41
389.9	4269.53
390	4271.66
390.1	4273.79
390.2	4275.91
390.3	4278.04
390.4	4280.17
390.5	4282.3
390.6	4284.43
390.7	4286.56
390.8	4288.69
390.9	4290.82
391	4292.95
391.1	4295.08
391.2	4297.21
391.3	4299.34
391.4	4301.48
391.5	4303.61
391.6	4305.74
391.7	4307.88
391.8	4310.01
391.9	4312.15
392	4314.29
392.1	4316.42
392.2	4318.56
392.3	4320.7
392.4	4322.83
392.5	4324.97
392.6	4327.11
392.7	4329.25
392.8	4331.39
392.9	4333.53
393	4335.67
393.1	4337.81
393.2	4339.96
393.3	4342.1
393.4	4344.24
393.5	4346.39
393.6	4348.53
393.7	4350.68
393.8	4352.82
393.9	4354.97
394	4357.12
394.1	4359.26
394.2	4361.41
394.3	4363.56
394.4	4365.71
394.5	4367.86
394.6	4370.01
394.7	4372.16
394.8	4374.31
394.9	4376.46
395	4378.62
395.1	4380.77
395.2	4382.92
395.3	4385.08
395.4	4387.23
395.5	4389.39
395.6	4391.54
395.7	4393.7
395.8	4395.86
395.9	4398.01
396	4400.17
396.1	4402.33
396.2	4404.49
396.3	4406.65
396.4	4408.81
396.5	4410.97
396.6	4413.13
396.7	4415.29
396.8	4417.45
396.9	4419.61
397	4421.78
397.1	4423.94
397.2	4426.11
397.3	4428.27
397.4	4430.44
397.5	4432.6
397.6	4434.77
397.7	4436.94
397.8	4439.11
397.9	4441.27
398	4443.44
398.1	4445.61
398.2	4447.78
398.3	4449.95
398.4	4452.12
398.5	4454.3
398.6	4456.47
398.7	4458.64
398.8	4460.82
398.9	4462.99
399	4465.16
399.1	4467.34
399.2	4469.52
399.3	4471.69
399.4	4473.87
399.5	4476.05
399.6	4478.23
399.7	4480.4
399.8	4482.58
399.9	4484.76
400	4486.94
400.1	4489.12
400.2	4491.31
400.3	4493.49
400.4	4495.67
400.5	4497.85
400.6	4500.04
400.7	4502.22
400.8	4504.41
400.9	4506.59
401	4508.78
401.1	4510.96
401.2	4513.15
401.3	4515.34
401.4	4517.52
401.5	4519.71
401.6	4521.9
401.7	4524.09
401.8	4526.28
401.9	4528.47
402	4530.66
402.1	4532.85
402.2	4535.05
402.3	4537.24
402.4	4539.43
402.5	4541.63
402.6	4543.82
402.7	4546.01
402.8	4548.21
402.9	4550.41
403	4552.6
403.1	4554.8
403.2	4557
403.3	4559.19
403.4	4561.39
403.5	4563.59
403.6	4565.79
403.7	4567.99
403.8	4570.19
403.9	4572.39
404	4574.59
404.1	4576.8
404.2	4579
404.3	4581.2
404.4	4583.41
404.5	4585.61
404.6	4587.81
404.7	4590.02
404.8	4592.23
404.9	4594.43
405	4596.64
405.1	4598.85
405.2	4601.05
405.3	4603.26
405.4	4605.47
405.5	4607.68
405.6	4609.89
405.7	4612.1
405.8	4614.32
405.9	4616.53
406	4618.74
406.1	4620.95
406.2	4623.17
406.3	4625.38
406.4	4627.6
406.5	4629.82
406.6	4632.03
406.7	4634.25
406.8	4636.47
406.9	4638.68
407	4640.9
407.1	4643.12
407.2	4645.34
407.3	4647.56
407.4	4649.78
407.5	4652
407.6	4654.22
407.7	4656.45
407.8	4658.67
407.9	4660.89
408	4663.12
408.1	4665.34
408.2	4667.56
408.3	4669.79
408.4	4672.02
408.5	4674.24
408.6	4676.47
408.7	4678.69
408.8	4680.92
408.9	4683.15
409	4685.38
409.1	4687.61
409.2	4689.84
409.3	4692.07
409.4	4694.3
409.5	4696.53
409.6	4698.76
409.7	4701
409.8	4703.23
409.9	4705.46
410	4707.7
410.1	4709.93
410.2	4712.17
410.3	4714.4
410.4	4716.64
410.5	4718.88
410.6	4721.12
410.7	4723.35
410.8	4725.59
410.9	4727.83
411	4730.07
411.1	4732.31
411.2	4734.55
411.3	4736.8
411.4	4739.04
411.5	4741.28
411.6	4743.52
411.7	4745.77
411.8	4748.01
411.9	4750.26
412	4752.5
412.1	4754.75
412.2	4756.99
412.3	4759.24
412.4	4761.49
412.5	4763.74
412.6	4765.99
412.7	4768.24
412.8	4770.49
412.9	4772.74
413	4774.99
413.1	4777.24
413.2	4779.49
413.3	4781.75
413.4	4784
413.5	4786.25
413.6	4788.51
413.7	4790.76
413.8	4793.02
413.9	4795.28
414	4797.53
414.1	4799.79
414.2	4802.05
414.3	4804.31
414.4	4806.56
414.5	4808.82
414.6	4811.08
414.7	4813.34
414.8	4815.6
414.9	4817.87
415	4820.13
415.1	4822.39
415.2	4824.65
415.3	4826.92
415.4	4829.18
415.5	4831.45
415.6	4833.71
415.7	4835.98
415.8	4838.24
415.9	4840.51
416	4842.78
416.1	4845.05
416.2	4847.31
416.3	4849.58
416.4	4851.85
416.5	4854.12
416.6	4856.39
416.7	4858.66
416.8	4860.93
416.9	4863.2
417	4865.48
417.1	4867.75
417.2	4870.02
417.3	4872.3
417.4	4874.57
417.5	4876.85
417.6	4879.12
417.7	4881.4
417.8	4883.67
417.9	4885.95
418	4888.23
418.1	4890.5
418.2	4892.78
418.3	4895.06
418.4	4897.34
418.5	4899.62
418.6	4901.9
418.7	4904.18
418.8	4906.46
418.9	4908.74
419	4911.03
419.1	4913.31
419.2	4915.59
419.3	4917.88
419.4	4920.16
419.5	4922.44
419.6	4924.73
419.7	4927.02
419.8	4929.3
419.9	4931.59
420	4933.88
420.1	4936.16
420.2	4938.45
420.3	4940.74
420.4	4943.03
420.5	4945.32
420.6	4947.61
420.7	4949.9
420.8	4952.2
420.9	4954.49
421	4956.78
421.1	4959.07
421.2	4961.37
421.3	4963.66
421.4	4965.96
421.5	4968.25
421.6	4970.55
421.7	4972.84
421.8	4975.14
421.9	4977.44
422	4979.74
422.1	4982.04
422.2	4984.33
422.3	4986.63
422.4	4988.93
422.5	4991.23
422.6	4993.54
422.7	4995.84
422.8	4998.14
422.9	5000.44
423	5002.75
423.1	5005.05
423.2	5007.36
423.3	5009.66
423.4	5011.97
423.5	5014.27
423.6	5016.58
423.7	5018.89
423.8	5021.19
423.9	5023.5
424	5025.81
424.1	5028.12
424.2	5030.43
424.3	5032.74
424.4	5035.05
424.5	5037.37
424.6	5039.68
424.7	5041.99
424.8	5044.3
424.9	5046.62
425	5048.93
425.1	5051.25
425.2	5053.56
425.3	5055.88
425.4	5058.19
425.5	5060.51
425.6	5062.83
425.7	5065.15
425.8	5067.47
425.9	5069.78
426	5072.1
426.1	5074.42
426.2	5076.74
426.3	5079.07
426.4	5081.39
426.5	5083.71
426.6	5086.03
426.7	5088.36
426.8	5090.68
426.9	5093
427	5095.33
427.1	5097.65
427.2	5099.98
427.3	5102.31
427.4	5104.63
427.5	5106.96
427.6	5109.29
427.7	5111.62
427.8	5113.94
427.9	5116.27
428	5118.6
428.1	5120.93
428.2	5123.26
428.3	5125.6
428.4	5127.93
428.5	5130.26
428.6	5132.59
428.7	5134.93
428.8	5137.26
428.9	5139.59
429	5141.93
429.1	5144.27
429.2	5146.6
429.3	5148.94
429.4	5151.28
429.5	5153.61
429.6	5155.95
429.7	5158.29
429.8	5160.63
429.9	5162.97
430	5165.31
430.1	5167.65
430.2	5170
430.3	5172.34
430.4	5174.68
430.5	5177.02
430.6	5179.37
430.7	5181.71
430.8	5184.06
430.9	5186.4
431	5188.75
431.1	5191.1
431.2	5193.44
431.3	5195.79
431.4	5198.14
431.5	5200.49
431.6	5202.84
431.7	5205.19
431.8	5207.54
431.9	5209.89
432	5212.24
432.1	5214.59
432.2	5216.95
432.3	5219.3
432.4	5221.65
432.5	5224.01
432.6	5226.36
432.7	5228.72
432.8	5231.07
432.9	5233.43
433	5235.78
433.1	5238.14
433.2	5240.5
433.3	5242.86
433.4	5245.22
433.5	5247.58
433.6	5249.94
433.7	5252.3
433.8	5254.66
433.9	5257.02
434	5259.38
434.1	5261.75
434.2	5264.11
434.3	5266.47
434.4	5268.84
434.5	5271.2
434.6	5273.57
434.7	5275.94
434.8	5278.3
434.9	5280.67
435	5283.04
435.1	5285.41
435.2	5287.78
435.3	5290.15
435.4	5292.52
435.5	5294.89
435.6	5297.26
435.7	5299.63
435.8	5302.01
435.9	5304.38
436	5306.75
436.1	5309.13
436.2	5311.5
436.3	5313.88
436.4	5316.25
436.5	5318.63
436.6	5321
436.7	5323.38
436.8	5325.76
436.9	5328.14
437	5330.52
437.1	5332.89
437.2	5335.27
437.3	5337.65
437.4	5340.04
437.5	5342.42
437.6	5344.8
437.7	5347.18
437.8	5349.56
437.9	5351.95
438	5354.33
438.1	5356.71
438.2	5359.1
438.3	5361.48
438.4	5363.87
438.5	5366.26
438.6	5368.64
438.7	5371.03
438.8	5373.42
438.9	5375.8
439	5378.19
439.1	5380.58
439.2	5382.97
439.3	5385.36
439.4	5387.75
439.5	5390.14
439.6	5392.53
439.7	5394.92
439.8	5397.31
439.9	5399.71
440	5402.1
440.1	5404.49
440.2	5406.89
440.3	5409.28
440.4	5411.68
440.5	5414.07
440.6	5416.47
440.7	5418.87
440.8	5421.26
440.9	5423.66
441	5426.06
441.1	5428.46
441.2	5430.86
441.3	5433.25
441.4	5435.65
441.5	5438.06
441.6	5440.46
441.7	5442.86
441.8	5445.26
441.9	5447.66
442	5450.07
442.1	5452.47
442.2	5454.87
442.3	5457.28
442.4	5459.68
442.5	5462.09
442.6	5464.49
442.7	5466.9
442.8	5469.31
442.9	5471.72
443	5474.13
443.1	5476.53
443.2	5478.94
443.3	5481.35
443.4	5483.77
443.5	5486.18
443.6	5488.59
443.7	5491
443.8	5493.41
443.9	5495.83
444	5498.24
444.1	5500.66
444.2	5503.07
444.3	5505.49
444.4	5507.9
444.5	5510.32
444.6	5512.74
444.7	5515.15
444.8	5517.57
444.9	5519.99
445	5522.41
445.1	5524.83
445.2	5527.25
445.3	5529.67
445.4	5532.09
445.5	5534.51
445.6	5536.94
445.7	5539.36
445.8	5541.78
445.9	5544.21
446	5546.63
446.1	5549.06
446.2	5551.48
446.3	5553.91
446.4	5556.33
446.5	5558.76
446.6	5561.19
446.7	5563.62
446.8	5566.05
446.9	5568.47
447	5570.9
447.1	5573.33
447.2	5575.76
447.3	5578.2
447.4	5580.63
447.5	5583.06
447.6	5585.49
447.7	5587.92
447.8	5590.36
447.9	5592.79
448	5595.23
448.1	5597.66
448.2	5600.1
448.3	5602.53
448.4	5604.97
448.5	5607.41
448.6	5609.85
448.7	5612.28
448.8	5614.72
448.9	5617.16
449	5619.6
449.1	5622.04
449.2	5624.48
449.3	5626.93
449.4	5629.37
449.5	5631.81
449.6	5634.25
449.7	5636.7
449.8	5639.14
449.9	5641.59
450	5644.03
450.1	5646.48
450.2	5648.93
450.3	5651.37
450.4	5653.82
450.5	5656.27
450.6	5658.72
450.7	5661.17
450.8	5663.62
450.9	5666.07
451	5668.52
451.1	5670.97
451.2	5673.42
451.3	5675.87
451.4	5678.33
451.5	5680.78
451.6	5683.23
451.7	5685.69
451.8	5688.14
451.9	5690.6
452	5693.05
452.1	5695.51
452.2	5697.97
452.3	5700.42
452.4	5702.88
452.5	5705.34
452.6	5707.8
452.7	5710.26
452.8	5712.72
452.9	5715.18
453	5717.64
453.1	5720.1
453.2	5722.56
453.3	5725.02
453.4	5727.49
453.5	5729.95
453.6	5732.41
453.7	5734.88
453.8	5737.34
453.9	5739.81
454	5742.27
454.1	5744.74
454.2	5747.21
454.3	5749.67
454.4	5752.14
454.5	5754.61
454.6	5757.08
454.7	5759.55
454.8	5762.02
454.9	5764.49
455	5766.96
455.1	5769.43
455.2	5771.91
455.3	5774.38
455.4	5776.85
455.5	5779.33
455.6	5781.8
455.7	5784.28
455.8	5786.75
455.9	5789.23
456	5791.71
456.1	5794.18
456.2	5796.66
456.3	5799.14
456.4	5801.62
456.5	5804.1
456.6	5806.58
456.7	5809.06
456.8	5811.54
456.9	5814.02
457	5816.5
457.1	5818.99
457.2	5821.47
457.3	5823.95
457.4	5826.44
457.5	5828.92
457.6	5831.41
457.7	5833.89
457.8	5836.38
457.9	5838.87
458	5841.35
458.1	5843.84
458.2	5846.33
458.3	5848.82
458.4	5851.31
458.5	5853.8
458.6	5856.29
458.7	5858.78
458.8	5861.27
458.9	5863.77
459	5866.26
459.1	5868.75
459.2	5871.25
459.3	5873.74
459.4	5876.24
459.5	5878.73
459.6	5881.23
459.7	5883.73
459.8	5886.22
459.9	5888.72
460	5891.22
460.1	5893.72
460.2	5896.22
460.3	5898.72
460.4	5901.22
460.5	5903.72
460.6	5906.22
460.7	5908.73
460.8	5911.23
460.9	5913.73
461	5916.24
461.1	5918.74
461.2	5921.25
461.3	5923.75
461.4	5926.26
461.5	5928.76
461.6	5931.27
461.7	5933.78
461.8	5936.29
461.9	5938.8
462	5941.31
462.1	5943.82
462.2	5946.33
462.3	5948.84
462.4	5951.35
462.5	5953.86
462.6	5956.37
462.7	5958.89
462.8	5961.4
462.9	5963.91
463	5966.43
463.1	5968.94
463.2	5971.46
463.3	5973.98
463.4	5976.49
463.5	5979.01
463.6	5981.53
463.7	5984.05
463.8	5986.56
463.9	5989.08
464	5991.6
464.1	5994.13
464.2	5996.65
464.3	5999.17
464.4	6001.69
464.5	6004.21
464.6	6006.73
464.7	6009.26
464.8	6011.78
464.9	6014.3
465	6016.83
465.1	6019.35
465.2	6021.88
465.3	6024.41
465.4	6026.93
465.5	6029.46
465.6	6031.99
465.7	6034.52
465.8	6037.05
465.9	6039.58
466	6042.11
466.1	6044.64
466.2	6047.17
466.3	6049.7
466.4	6052.23
466.5	6054.77
466.6	6057.3
466.7	6059.84
466.8	6062.37
466.9	6064.91
467	6067.44
467.1	6069.98
467.2	6072.51
467.3	6075.05
467.4	6077.59
467.5	6080.13
467.6	6082.66
467.7	6085.2
467.8	6087.74
467.9	6090.28
468	6092.82
468.1	6095.37
468.2	6097.91
468.3	6100.45
468.4	6102.99
468.5	6105.53
468.6	6108.08
468.7	6110.62
468.8	6113.17
468.9	6115.71
469	6118.26
469.1	6120.81
469.2	6123.35
469.3	6125.9
469.4	6128.45
469.5	6131
469.6	6133.55
469.7	6136.1
469.8	6138.65
469.9	6141.2
470	6143.75
470.1	6146.3
470.2	6148.85
470.3	6151.41
470.4	6153.96
470.5	6156.51
470.6	6159.07
470.7	6161.62
470.8	6164.18
470.9	6166.74
471	6169.29
471.1	6171.85
471.2	6174.41
471.3	6176.96
471.4	6179.52
471.5	6182.08
471.6	6184.64
471.7	6187.2
471.8	6189.76
471.9	6192.32
472	6194.88
472.1	6197.45
472.2	6200.01
472.3	6202.57
472.4	6205.14
472.5	6207.7
472.6	6210.26
472.7	6212.83
472.8	6215.39
472.9	6217.96
473	6220.53
473.1	6223.09
473.2	6225.66
473.3	6228.23
473.4	6230.8
473.5	6233.37
473.6	6235.94
473.7	6238.51
473.8	6241.08
473.9	6243.65
474	6246.22
474.1	6248.79
474.2	6251.37
474.3	6253.94
474.4	6256.52
474.5	6259.09
474.6	6261.67
474.7	6264.24
474.8	6266.82
474.9	6269.4
475	6271.97
475.1	6274.55
475.2	6277.13
475.3	6279.71
475.4	6282.29
475.5	6284.87
475.6	6287.45
475.7	6290.03
475.8	6292.61
475.9	6295.19
476	6297.78
476.1	6300.36
476.2	6302.94
476.3	6305.53
476.4	6308.11
476.5	6310.7
476.6	6313.28
476.7	6315.87
476.8	6318.46
476.9	6321.04
477	6323.63
477.1	6326.22
477.2	6328.81
477.3	6331.4
477.4	6333.99
477.5	6336.58
477.6	6339.17
477.7	6341.76
477.8	6344.35
477.9	6346.95
478	6349.54
478.1	6352.14
478.2	6354.73
478.3	6357.33
478.4	6359.92
478.5	6362.52
478.6	6365.11
478.7	6367.71
478.8	6370.31
478.9	6372.91
479	6375.51
479.1	6378.11
479.2	6380.71
479.3	6383.31
479.4	6385.91
479.5	6388.51
479.6	6391.11
479.7	6393.72
479.8	6396.32
479.9	6398.92
480	6401.53
480.1	6404.13
480.2	6406.74
480.3	6409.35
480.4	6411.95
480.5	6414.56
480.6	6417.17
480.7	6419.77
480.8	6422.38
480.9	6424.99
481	6427.6
481.1	6430.21
481.2	6432.82
481.3	6435.43
481.4	6438.05
481.5	6440.66
481.6	6443.27
481.7	6445.89
481.8	6448.5
481.9	6451.11
482	6453.73
482.1	6456.35
482.2	6458.96
482.3	6461.58
482.4	6464.2
482.5	6466.81
482.6	6469.43
482.7	6472.05
482.8	6474.67
482.9	6477.29
483	6479.91
483.1	6482.53
483.2	6485.15
483.3	6487.77
483.4	6490.39
483.5	6493.01
483.6	6495.63
483.7	6498.26
483.8	6500.88
483.9	6503.51
484	6506.13
484.1	6508.75
484.2	6511.38
484.3	6514.01
484.4	6516.63
484.5	6519.26
484.6	6521.89
484.7	6524.52
484.8	6527.15
484.9	6529.77
485	6532.4
485.1	6535.03
485.2	6537.67
485.3	6540.3
485.4	6542.93
485.5	6545.56
485.6	6548.19
485.7	6550.83
485.8	6553.46
485.9	6556.1
486	6558.73
486.1	6561.37
486.2	6564
486.3	6566.64
486.4	6569.28
486.5	6571.91
486.6	6574.55
486.7	6577.19
486.8	6579.83
486.9	6582.47
487	6585.11
487.1	6587.75
487.2	6590.39
487.3	6593.03
487.4	6595.67
487.5	6598.32
487.6	6600.96
487.7	6603.6
487.8	6606.25
487.9	6608.89
488	6611.54
488.1	6614.18
488.2	6616.83
488.3	6619.48
488.4	6622.13
488.5	6624.77
488.6	6627.42
488.7	6630.07
488.8	6632.72
488.9	6635.37
489	6638.02
489.1	6640.67
489.2	6643.32
489.3	6645.98
489.4	6648.63
489.5	6651.28
489.6	6653.94
489.7	6656.59
489.8	6659.24
489.9	6661.9
490	6664.55
490.1	6667.21
490.2	6669.87
490.3	6672.52
490.4	6675.18
490.5	6677.84
490.6	6680.5
490.7	6683.16
490.8	6685.82
490.9	6688.48
491	6691.14
491.1	6693.8
491.2	6696.46
491.3	6699.12
491.4	6701.79
491.5	6704.45
491.6	6707.12
491.7	6709.78
491.8	6712.44
491.9	6715.11
492	6717.78
492.1	6720.44
492.2	6723.11
492.3	6725.78
492.4	6728.45
492.5	6731.12
492.6	6733.78
492.7	6736.45
492.8	6739.13
492.9	6741.8
493	6744.47
493.1	6747.14
493.2	6749.81
493.3	6752.49
493.4	6755.16
493.5	6757.83
493.6	6760.51
493.7	6763.18
493.8	6765.86
493.9	6768.54
494	6771.21
494.1	6773.89
494.2	6776.57
494.3	6779.25
494.4	6781.92
494.5	6784.6
494.6	6787.28
494.7	6789.96
494.8	6792.65
494.9	6795.33
495	6798.01
495.1	6800.69
495.2	6803.38
495.3	6806.06
495.4	6808.74
495.5	6811.43
495.6	6814.11
495.7	6816.8
495.8	6819.48
495.9	6822.17
496	6824.86
496.1	6827.54
496.2	6830.23
496.3	6832.92
496.4	6835.61
496.5	6838.3
496.6	6840.99
496.7	6843.68
496.8	6846.37
496.9	6849.06
497	6851.76
497.1	6854.45
497.2	6857.14
497.3	6859.84
497.4	6862.53
497.5	6865.23
497.6	6867.92
497.7	6870.62
497.8	6873.31
497.9	6876.01
498	6878.71
498.1	6881.41
498.2	6884.1
498.3	6886.8
498.4	6889.5
498.5	6892.2
498.6	6894.9
498.7	6897.6
498.8	6900.3
498.9	6903.01
499	6905.71
499.1	6908.41
499.2	6911.09
499.3	6913.76
499.4	6916.43
499.5	6919.1
499.6	6921.77
499.7	6924.44
499.8	6927.11
499.9	6929.77
