2.29739
2.35868
2.9521
1.36957
0.959748
2.61205
2.4298
2.24961
2.26999
3.16673
2.21496
2.87794
2.90578
2.76034
2.49801
2.66567
2.43827
2.93484
3.07061
2.29495
2.97613
1.27473
1.56498
2.98067
3.10664
3.02077
2.55081
2.02831
1.38745
2.4278
3.0169
2.68074
2.23458
1.50141
2.09788
1.60318
2.39144
2.29119
3.01997
3.0178
3.06271
3.07
2.79848
2.47095
2.04996
2.45162
2.72251
3.10302
2.71906
3.20919
3.10126
2.61393
1.15325
2.77704
2.76539
2.73118
2.67407
2.71173
2.88734
2.10845
3.02205
2.77432
2.03291
1.64382
1.71485
3.09193
2.08297
2.46514
2.15075
3.03305
2.93648
2.64198
2.62063
2.85597
2.60594
1.53722
2.22112
1.85641
1.41446
3.03801
2.60715
2.25426
2.45228
3.08633
2.25768
3.07377
3.05584
2.31953
2.51367
1.87847
2.0413
1.93966
3.01904
3.21092
1.54422
1.22595
2.73408
2.37971
3.09575
1.94723
2.62081
1.97703
1.50377
2.63575
1.97919
2.41124
2.77586
1.1983
3.0577
1.91111
3.18627
2.56142
2.64861
2.15511
3.19253
2.47195
2.94368
1.35611
1.67444
1.47634
2.1647
1.3907
1.97581
3.18065
3.0556
2.79607
2.96364
2.21762
0.959591
2.68976
3.12553
2.9243
3.22527
1.6123
2.11728
1.08466
2.1453
2.62664
1.09702
2.98114
3.0061
2.75482
2.67188
3.18664
2.76255
2.81848
2.69276
2.84807
1.18151
1.94888
2.99053
2.52548
2.95889
3.16116
3.09802
2.09015
1.97416
2.60091
3.1994
2.97425
2.14925
3.18173
1.6736
2.96828
2.01118
1.90946
1.93789
2.82187
2.29901
2.64357
1.78559
2.04748
2.36566
2.04527
3.12618
2.06627
3.19664
2.66859
2.57072
3.05694
1.92295
1.60458
1.07658
2.07566
3.03947
2.90848
3.13333
2.27966
2.79981
2.04762
2.37078
2.60244
1.08664
3.18754
2.73264
2.18219
2.24221
2.94783
1.20347
2.87996
2.66544
3.21504
1.06108
3.00961
1.37216
1.89212
2.25011
3.02169
2.69101
2.38283
2.39782
2.81866
3.08273
2.99828
3.09237
3.15556
2.86898
2.32604
2.13855
2.94365
2.26722
1.83191
2.53878
3.08992
2.21853
2.20427
1.76968
2.96413
1.16186
2.92703
3.06041
1.98391
1.74338
3.14442
2.79307
3.01577
0.987004
3.18496
3.00263
2.71947
3.18245
1.06795
2.06851
2.63798
1.61543
2.79071
2.97203
3.03974
3.03654
1.18211
2.56426
3.06772
2.68155
2.80623
1.48194
3.18896
1.18221
2.6486
1.09685
2.12721
2.80573
2.21991
1.71243
2.06672
1.62273
2.50596
2.96153
2.04934
3.15971
2.09736
3.10937
1.01205
2.88608
3.02192
2.38534
2.9637
2.71391
2.71987
2.74063
2.81848
1.22234
1.47309
2.27337
2.7051
3.23034
2.2298
2.36144
2.11591
3.18253
2.347
3.17677
3.07251
2.59449
1.14436
2.40348
3.22283
2.04527
1.9934
2.73922
2.75465
1.97731
2.51042
2.00193
2.67489
1.89698
2.01974
2.7524
2.46322
2.43833
2.53414
2.3815
3.20447
2.48696
3.16724
1.75252
2.60023
3.13005
2.28706
1.82305
3.0224
1.83348
2.46797
2.66669
3.12928
1.81237
3.08946
2.95013
2.74854
3.14029
2.37616
1.55344
1.97535
2.35855
2.87269
3.22672
2.8126
2.93893
2.98319
2.72888
3.06208
3.18726
2.15092
1.66585
1.19187
2.6361
3.08929
2.23526
3.16185
2.62655
2.06268
1.68921
2.59023
2.5861
1.63978
3.20204
2.57178
2.27266
2.80832
3.14519
1.6743
1.15333
2.24358
2.55103
2.13645
2.33756
2.47964
1.82079
2.84074
2.2485
1.1053
2.77756
1.52419
3.05922
2.1846
2.49904
2.30524
2.48757
2.56771
3.09664
2.67826
1.36458
2.98921
2.65401
2.21575
2.25389
2.53309
2.10204
1.17203
2.93054
2.08219
3.13782
2.84966
3.19152
2.99965
3.07574
1.29155
1.2637
2.59734
2.8286
2.2841
2.56604
3.09746
3.01215
3.12733
2.19543
2.5783
1.26364
3.16632
1.99349
3.21058
1.72899
3.1116
2.07858
1.43356
0.989877
2.58467
2.78609
2.06273
2.72289
3.2301
1.34183
3.08494
2.6905
2.14256
2.4873
2.36971
3.06199
3.22696
2.3563
1.98642
3.15684
2.25486
1.7546
2.54617
2.5732
2.01823
2.7671
2.82807
1.23493
3.18164
2.81227
2.76564
3.20419
2.97401
2.20108
3.1769
2.90597
2.3594
1.02225
2.15784
3.09012
2.21191
2.53036
3.09001
2.68656
2.69073
2.65687
1.57376
3.2123
3.0713
2.05282
3.06641
2.29565
2.55867
3.1213
1.82798
3.0513
1.89072
2.83368
3.12984
2.97031
1.56097
2.48665
2.9788
2.98664
2.95458
2.48569
1.85549
2.39693
1.19525
1.49706
2.99371
1.96755
2.7989
2.36138
2.26271
2.55369
2.92131
3.02872
1.26947
2.94799
2.30341
1.9293
2.99245
3.01814
2.22708
2.84169
2.96977
2.24313
1.98265
3.05526
3.01141
1.10786
1.24377
2.97126
2.88202
3.21899
1.39262
2.41706
2.059
3.21867
3.18195
3.20058
2.74561
2.75275
2.52268
2.7091
1.9953
1.56364
1.97842
2.8772
3.06428
1.89908
3.116
2.23327
3.05214
2.1004
1.98957
2.75224
1.23307
3.22231
2.17988
1.00318
1.08933
2.93492
2.21159
2.95401
1.10768
2.26771
2.38198
2.23284
2.71312
3.18663
1.48002
2.86749
1.70309
2.90351
2.84369
2.04451
2.06464
2.20083
2.50573
2.7846
2.75212
2.41568
2.46205
2.0736
2.77834
2.88913
1.43909
1.1397
1.05208
3.18594
2.89732
1.92133
3.21732
1.59998
1.00771
1.51138
2.29115
2.15024
2.77205
3.08133
1.64541
1.94209
2.50808
2.74435
2.44339
2.16341
1.82691
2.98169
2.0668
2.92396
2.92806
1.99127
2.58096
3.07319
2.10764
1.86502
2.57196
2.50792
2.12557
2.79385
2.08607
2.55628
2.96771
2.34622
2.91418
2.82697
2.14822
1.61601
1.43272
2.38853
2.53928
1.04011
1.52108
2.67838
3.04598
2.81441
3.04297
3.07177
3.11396
2.11984
2.09372
3.10881
2.21481
2.73504
3.02796
2.64404
2.5741
2.59701
2.77015
1.91583
2.07693
2.71862
2.90205
2.80313
3.18565
1.33979
3.15295
2.6176
3.18808
2.89217
1.86625
2.83516
2.6713
2.66026
2.84723
2.12585
2.73402
2.31843
2.0544
2.43419
3.04251
2.4106
1.18141
3.19254
2.85007
2.43557
2.67537
2.38803
2.82562
2.0862
3.03164
1.67257
2.42298
3.21483
2.81429
2.78015
3.1156
3.07537
1.1363
1.48241
2.11376
2.24586
2.56137
1.91353
1.49913
3.12416
3.08428
2.06791
3.15651
1.0966
1.97624
2.1769
2.45714
1.24887
2.81245
2.63321
2.29332
1.3504
1.91499
1.97473
1.32474
1.04066
1.82481
2.29431
3.01246
2.96122
3.03487
2.75954
1.26571
2.67301
2.83579
3.13643
2.91626
2.35026
2.74288
2.43789
2.39462
1.90006
3.21236
1.55376
2.09797
2.94568
2.15345
3.10642
2.37855
1.54405
3.0702
3.12404
2.25166
3.06337
2.49668
2.44655
2.41662
2.55249
1.10987
1.82549
3.10687
2.4895
2.95827
2.29571
1.19706
3.17543
2.46248
1.94612
3.03653
2.30933
2.55238
1.59451
2.74264
2.67756
2.66973
1.72611
2.8175
2.55098
2.20771
1.77879
2.322
2.26432
2.77884
2.87215
2.57699
3.15445
3.18379
2.57705
3.03669
3.07567
2.65437
2.88372
2.15634
2.20335
2.9367
2.91024
1.77126
3.08372
3.04584
2.47807
2.38079
2.13117
3.16278
2.56925
2.49439
1.14809
1.73722
2.70566
1.03435
2.9064
1.89495
1.44353
2.41664
2.68543
2.14445
2.05883
3.14685
2.04153
2.73506
2.1559
3.08116
2.94988
1.52629
2.32938
2.41828
3.18337
3.22132
2.27974
2.63908
2.37604
3.18122
1.52205
2.99347
3.20944
3.13094
2.6828
2.8063
1.07673
1.19561
2.96932
2.98613
1.09954
2.72668
2.84198
2.62124
2.74172
2.09661
1.42844
2.72389
2.97956
3.02376
3.15091
1.77829
2.38183
2.08109
2.50047
2.33963
1.8885
2.45439
3.19422
3.10011
1.72608
2.35148
2.65854
3.15283
3.12293
3.17511
1.42339
3.19399
2.27692
3.21936
2.83701
1.97198
2.50191
1.00342
2.6159
2.2105
2.67998
1.80412
2.82437
2.7396
2.83718
2.89629
3.05108
2.87999
2.50755
2.65516
2.72521
1.70906
2.95005
2.9831
3.16993
2.92774
2.90242
3.08944
3.00114
2.53376
2.47042
2.35547
2.76713
1.8313
1.69006
2.3838
2.85423
3.00118
2.21183
2.93407
1.24473
1.67425
2.02982
2.45106
1.225
2.42383
1.83466
1.20606
2.97281
2.21772
2.94532
2.98385
2.00255
2.81803
3.09665
2.92509
1.65099
2.56746
2.39304
3.10676
2.12895
1.92886
2.78341
2.62065
2.40566
2.18022
2.8336
2.26416
2.80759
1.41911
1.53375
3.16036
3.05279
3.12004
3.18684
3.01928
2.69438
1.27774
2.93414
2.27821
1.72883
2.35402
1.63648
1.57846
1.9991
2.02758
2.44149
2.78546
2.69207
2.59304
2.8332
2.25705
1.97206
2.76029
2.83834
2.6231
2.31798
1.97341
2.61787
2.37216
2.50794
3.13093
2.08452
3.21702
2.93276
2.04494
3.17347
1.14429
2.26728
1.61775
2.36225
1.9315
2.99666
2.88683
1.7862
1.81295
2.63807
3.16416
2.93777
1.43564
2.47347
1.12708
2.32231
2.76664
2.61011
2.60366
2.19417
2.73466
2.67687
2.94415
3.22156
2.79155
2.01132
2.68666
2.95123
1.10173
3.13178
2.91145
2.18771
1.77729
2.71165
2.98669
2.78599
2.78165
2.89564
1.06534
2.08964
3.14083
2.94666
1.48708
3.05924
3.08274
2.35178
1.97788
1.30279
3.20615
2.79931
2.43732
2.44737
2.70623
3.14505
2.14111
2.4366
2.72329
2.52972
1.0964
2.68975
2.20753
2.41608
3.08248
1.59336
1.62141
2.74075
2.96878
3.16882
2.0433
2.01301
1.72914
2.89247
2.60721
1.39752
1.46415
1.18249
1.95499
2.22442
1.53334
3.17326
2.08245
2.19818
2.43507
1.24674
3.15489
1.87203
1.25261
2.00786
1.36282
2.99456
3.15359
2.59939
2.63273
2.89168
2.49772
3.21506
2.44853
2.81609
3.01202
1.15157
2.27605
1.90577
2.65628
2.67607
2.84617
2.27897
3.20281
2.20658
3.11907
3.04438
2.95861
2.68582
2.62707
2.42152
2.96797
2.98787
3.2093
2.9434
2.82918
2.76417
2.92705
2.98299
2.80122
2.38046
2.52101
3.00017
2.87604
2.24568
1.9285
2.68923
2.20372
2.90474
3.14011
1.6044
2.35859
3.21419
2.67729
2.22558
1.61536
3.11691
2.42916
1.60398
2.90775
3.09281
2.09807
2.50433
2.5107
2.33878
2.92097
2.1351
2.90402
1.15289
2.90607
2.96206
2.85331
2.32282
1.64636
2.62901
1.41615
1.06671
2.70121
3.23101
2.22688
2.01844
1.54899
2.44302
2.64883
1.25688
2.71236
3.06499
1.54503
2.76516
2.27233
2.59936
3.21993
2.07446
3.05186
2.70918
2.13765
2.4592
2.95325
2.00578
2.47332
1.72474
1.19636
2.87878
2.54589
2.46413
1.00606
2.95919
2.93153
3.02301
2.16298
2.30646
1.89182
2.04494
2.01569
1.30397
2.16049
2.93752
1.0939
2.92438
2.56379
2.64746
2.70221
2.61283
1.19332
2.38445
1.02767
3.06487
3.20724
3.01387
2.44221
1.76752
3.07074
2.89308
2.96052
2.87232
1.40265
1.81612
3.17368
3.097
2.7427
2.15749
2.33351
3.04849
3.14214
3.10411
2.45669
2.73274
2.57919
2.8366
2.18387
2.484
2.77755
3.11291
2.4738
2.72901
3.00841
3.02657
2.16974
2.90886
2.30529
2.79671
2.63171
2.99739
3.02586
2.39693
2.41507
3.21475
3.1513
1.82627
1.46697
2.07025
2.04801
2.34106
2.49204
1.10164
2.049
3.08335
1.76667
3.20288
2.07374
3.18564
1.89879
3.1363
3.07485
2.92288
1.16429
2.6394
3.19112
3.17724
2.82567
2.74892
1.18344
2.64974
2.22515
1.57136
1.25324
2.48214
1.85941
3.02166
2.03347
2.51076
1.91761
2.97809
2.98184
0.965379
3.10312
1.99467
1.598
2.75605
2.80737
2.16919
2.9107
3.21381
1.94668
3.16592
2.99779
2.7726
3.17728
1.79494
3.0224
1.14167
1.85213
1.1338
2.17199
2.86298
1.54552
2.72668
3.10706
3.11686
3.19623
2.64335
2.98526
2.5531
1.65929
2.46933
2.78354
1.68169
3.06685
2.24744
2.48924
1.25607
2.66121
2.73659
3.11548
2.95335
3.12159
2.35895
2.33758
1.90576
2.85896
3.10148
1.9963
2.48471
2.718
2.91142
2.72828
3.1707
2.22901
2.10738
2.65358
2.98274
3.04487
2.96586
2.67353
1.0039
2.81828
2.03208
3.04096
1.66305
2.4135
2.18001
2.04588
3.21141
2.56237
1.78631
2.69361
2.16731
2.19808
2.60528
2.52936
2.92273
3.22488
1.05622
2.45658
2.46113
2.09375
3.15023
3.17333
1.00091
2.7688
2.45258
3.18376
2.79142
2.08616
2.86741
2.98722
1.77668
2.77081
1.91252
2.19066
2.92359
2.19657
2.95727
2.24434
2.44436
1.98989
2.78293
1.78507
3.12863
2.65647
1.96699
1.50559
2.27086
2.6286
2.90577
2.76184
1.73513
2.87993
2.72241
2.25454
2.54684
3.20836
2.86252
1.26794
2.0024
2.32156
2.80545
1.11323
2.77974
2.78164
3.21757
2.92349
2.43609
2.36362
2.99192
2.97541
2.2854
2.8694
2.51651
2.93279
2.55062
2.03046
2.16087
1.39287
1.17126
3.15507
2.95735
1.00498
2.08469
3.16059
1.88491
3.03375
1.72687
2.98377
2.35152
2.80697
1.49528
2.92536
2.55511
1.89148
2.846
2.22194
3.06418
2.90524
1.59763
1.52147
2.78601
2.87448
2.25619
1.13657
3.19561
2.58993
1.58589
2.88946
1.17634
2.05917
2.95815
3.01677
1.09981
3.13433
2.56409
1.81835
2.65843
3.18103
2.68402
2.54126
3.16042
2.30314
2.31233
2.90468
3.14167
2.85147
2.35938
2.76896
1.00593
2.21762
2.86347
2.51394
3.08545
2.35325
3.11071
2.95168
3.18575
2.44149
2.4066
2.86417
2.23891
2.40618
3.04276
2.07706
3.07217
3.2219
2.75951
1.95454
2.12431
2.51053
3.05629
3.22158
2.45118
2.21312
2.19455
2.60692
3.01386
3.19721
2.15392
1.13737
3.13961
1.24802
3.09202
2.92679
2.05943
1.52239
2.59066
2.58983
2.98368
3.03061
1.80891
2.27197
2.32431
2.97441
2.56271
2.3962
2.91766
3.00096
1.98091
3.12759
3.00011
3.12744
2.79979
3.06356
1.89677
1.2624
1.92835
1.84269
1.53324
2.91785
3.22515
2.89761
2.91652
2.07908
2.58454
2.7329
2.82414
2.72436
1.00954
1.92293
1.12929
2.9999
2.50269
2.47414
2.15869
2.112
1.45867
2.40883
1.35922
1.35336
2.7543
1.81451
2.48019
2.94444
3.06966
2.20213
1.66131
2.74414
2.57455
1.50254
2.87727
2.93759
1.17264
1.90905
3.18792
2.22112
2.02636
2.03095
1.9319
2.35974
1.865
2.97914
2.89259
2.30572
2.49556
2.87765
1.10459
1.96672
2.74946
2.76591
2.2975
2.27812
2.3385
3.0609
2.41105
1.09393
3.16193
1.44853
2.65857
2.91799
2.48144
2.92343
2.46157
2.06191
3.01362
1.54233
2.84097
2.95369
1.0812
3.22126
3.09627
1.18538
3.04688
2.99783
2.71889
2.81567
2.46097
2.70096
3.19774
2.62466
2.92206
2.78647
2.57578
1.98939
1.09405
1.95637
1.27326
2.29102
3.18523
1.20594
2.83507
3.16253
1.85821
3.14573
2.3512
2.57758
2.60858
2.20456
2.30511
2.35797
2.60754
1.73632
3.00053
2.69088
2.14763
2.90036
2.09854
2.6064
3.10951
2.24375
1.57839
3.09122
3.08165
1.93889
2.11417
2.4115
2.95217
1.81711
1.83868
2.87152
1.05813
2.88014
2.2302
1.90556
2.99206
2.64635
2.69258
2.82558
2.71192
3.15647
3.02344
3.16464
2.69539
2.22945
2.42144
2.78587
2.90709
1.78313
2.47322
1.69467
2.68908
3.14478
1.44081
3.18324
3.17645
1.9116
3.04695
2.36227
3.02128
2.5569
1.00118
3.07974
2.08399
1.23851
2.09447
3.05289
2.23215
2.70471
1.00298
1.37427
2.87408
2.80314
2.44099
1.32831
2.87707
1.62889
3.10252
3.11202
2.99554
2.81825
2.78418
2.82379
2.20472
3.20647
1.62395
2.42288
2.90418
1.66371
2.4511
2.30359
2.1512
3.13941
2.89089
2.91201
1.98063
3.0256
3.06319
1.24228
1.68069
2.46725
2.9945
2.12898
2.18565
1.06063
1.6875
2.97537
2.04708
2.94074
2.00883
2.13839
0.984698
2.9944
2.43611
2.78376
3.18672
2.73003
2.76969
2.49473
2.62983
3.18179
2.63016
2.08304
1.09115
1.94496
2.55838
2.9722
2.69063
2.36264
2.89685
2.6912
2.98989
2.75524
2.381
2.31455
1.88997
3.1433
3.11065
1.78929
2.93887
1.77278
1.87484
2.89332
2.62371
3.0291
2.06405
2.96906
2.78286
2.19893
2.97786
3.0729
2.94131
2.76927
3.07078
3.08428
2.22753
3.22685
3.21185
3.02961
2.64842
1.97215
3.18828
2.02139
2.84469
2.38387
3.02882
2.56115
3.1686
3.17875
3.04247
2.72444
3.19513
2.37681
1.40481
1.0133
1.80026
2.20382
2.98717
2.23076
2.094
2.3293
1.75022
1.99232
2.84991
2.12408
3.142
2.70756
3.03727
2.09569
1.9239
3.07528
2.7749
1.10924
3.0329
3.04171
2.80492
2.70569
1.88985
2.33683
3.09644
1.43273
2.73161
2.11088
1.63063
1.05
3.20967
2.48325
2.91511
2.31462
2.99301
2.04466
2.08988
2.92858
2.15744
2.842
3.06549
2.67736
2.77287
3.00105
3.0453
1.33384
2.72444
2.03927
3.15352
2.90047
2.78606
2.27886
2.89626
2.4511
2.21039
0.972389
2.12642
3.07736
2.70671
3.13693
2.45204
3.20777
2.55298
2.47679
2.05386
2.94876
2.96095
2.91092
2.75748
2.38785
2.499
1.7459
2.72731
3.17756
3.01055
2.89325
2.56822
1.66174
2.7779
2.51554
2.30153
2.19503
2.22845
1.56525
1.30538
2.84831
1.92147
2.72786
2.99489
3.16341
2.77573
2.91295
1.39944
1.82612
1.16532
2.83287
2.45328
3.1373
2.63118
3.14744
2.69483
2.92035
2.22472
2.70819
3.09758
1.29669
0.995399
2.02447
2.09451
1.23929
3.16303
1.69135
2.50471
2.99871
2.14507
3.0153
2.77088
3.06316
2.69684
2.28644
1.69058
2.1054
2.93646
3.11302
3.21443
2.45814
2.27732
2.57919
1.83423
3.03313
2.50921
2.11875
3.15667
2.08936
1.97553
2.37104
2.594
1.22308
3.19894
2.80423
2.48798
1.29563
2.92337
2.74248
1.59834
1.81176
1.91368
1.29639
2.47802
2.82545
2.38016
1.81014
2.83999
3.19457
3.01616
2.66558
0.982123
1.92106
3.12891
1.74151
2.70782
2.07698
2.56193
1.72761
2.35249
2.73259
2.76497
2.47814
2.26018
3.08654
2.29229
1.04292
2.61245
2.46944
3.00492
2.02285
2.62611
1.36125
2.81219
3.09865
1.04863
2.54745
1.96213
2.35521
3.00914
2.97932
1.26855
2.43436
3.19503
3.11693
2.87305
1.75366
3.10415
3.08196
2.81675
2.40219
3.0467
1.35606
3.21123
3.15176
2.93251
2.75643
2.78416
2.73883
2.71151
2.02625
1.04961
2.46417
2.45541
2.40426
3.10625
3.06607
3.17365
2.02961
2.94386
2.83153
3.14065
2.35526
2.55266
3.19629
2.41368
2.91856
3.0115
2.48787
3.07418
2.40364
2.39679
2.45827
1.99007
1.90792
3.10701
2.60188
2.53973
1.6985
2.83098
1.19887
2.96955
2.36585
3.13358
2.80605
2.52782
3.14952
1.94468
3.13767
2.4054
2.69716
1.93347
1.25035
2.1633
1.42926
2.95309
2.62725
1.06545
2.38017
1.79836
2.84986
2.97819
1.94393
3.2009
2.98982
1.55196
2.6027
2.00063
1.46938
2.55946
2.09793
3.00988
1.88921
1.14484
2.57347
2.9521
1.77196
2.61232
2.31487
3.2302
2.45718
2.2336
2.43554
2.10243
1.95608
2.15969
1.97155
3.09466
2.74612
1.14302
2.32889
1.29364
2.66522
2.54371
3.10229
3.07752
2.92964
1.79592
1.51989
1.12882
2.31694
2.81394
2.39836
2.11694
1.37028
2.90468
3.0891
2.15084
2.75063
3.13119
1.4745
1.42367
3.0198
2.26051
2.98606
3.22269
3.0663
3.21359
1.7291
2.50711
3.17716
2.74762
2.41467
1.07695
2.73503
1.00583
1.87985
1.59696
2.33507
3.15073
1.10189
1.99764
1.68243
3.17722
1.98148
2.69008
1.14557
2.2906
2.1739
3.06317
1.92872
3.10242
2.26717
3.01243
1.77947
2.90821
3.07236
2.03573
1.73507
3.10959
3.06342
2.55468
2.48554
2.15427
2.26669
3.07981
1.0926
2.63241
2.6904
2.16432
2.58988
2.60792
1.8983
2.38504
2.48132
2.64846
2.9934
2.9112
2.62929
1.18755
1.21958
2.83428
1.9723
3.11259
1.99418
2.34819
2.36436
2.59932
1.73349
2.55077
1.10771
2.94261
3.06462
2.58729
2.37396
2.02397
2.52976
1.88976
2.68449
2.74472
2.86808
2.82106
2.83093
2.23858
2.74569
1.29107
2.73012
2.83902
2.94917
3.02741
2.87176
2.32118
2.33188
1.6855
2.14768
2.32229
2.73196
2.4242
3.11865
2.56942
3.22828
1.98878
1.28646
2.71153
2.93129
3.01279
3.06096
2.35667
1.0561
3.02922
3.10334
2.89729
1.31628
2.81761
2.98658
2.88168
2.38278
2.30453
2.19478
3.09327
3.01346
2.03793
2.51049
1.09472
2.96047
2.72317
2.84943
2.81258
2.5099
2.32789
2.46487
1.41794
2.3256
2.14391
3.05872
2.78258
1.58094
3.20152
1.15391
3.21417
2.68504
2.97284
3.09676
2.91022
1.87528
2.14155
2.2544
3.20619
2.6741
1.95762
1.69795
2.3784
3.1879
3.12681
2.10246
1.92698
3.16179
2.74391
1.95403
1.25516
2.23627
3.19581
2.5545
2.0873
2.39405
3.13617
3.14743
1.16257
1.43718
1.56431
2.22881
3.15644
2.97624
2.69815
1.46996
2.99662
2.08226
2.43292
1.9418
1.33328
2.99026
2.09506
2.02911
3.19776
3.08838
2.80171
2.92068
2.9455
2.77936
1.77785
2.11402
2.95611
2.28261
3.00133
2.49677
3.073
3.0349
3.10714
2.90845
0.984813
2.7792
2.87505
1.90199
3.05566
1.45976
2.77202
3.18655
2.34941
1.1945
3.00899
2.53588
1.30809
1.99674
2.05369
2.3795
2.23737
3.14844
2.98847
2.40779
3.00222
2.83512
1.92142
2.07268
3.20812
3.09761
2.38013
2.82596
3.14831
1.89015
2.5234
2.17459
2.73018
3.04638
2.74504
2.26632
2.15192
2.05039
2.30488
2.92135
1.81979
2.41702
2.33452
2.23985
3.02053
3.11911
1.73799
1.16681
3.10568
1.52836
2.8448
2.06609
1.43456
2.08993
3.18466
2.50733
2.19923
2.60261
2.81465
2.96621
0.969306
2.88626
2.60749
2.51813
2.23085
1.0912
3.09637
2.73271
2.03038
2.33449
3.13247
2.7341
2.27531
2.74122
2.79696
3.06291
2.3551
2.52317
3.2282
2.11493
2.83334
1.68549
2.66935
3.00901
3.00279
2.55529
1.07244
1.79829
2.03083
3.15651
2.6607
3.15472
3.03557
1.97766
3.19961
3.07081
2.4573
3.19323
2.64697
2.97111
2.86173
1.30225
2.62223
2.94504
1.06869
2.54375
1.25761
2.22435
3.0771
3.13609
2.84088
3.21475
3.09174
2.72901
3.12638
1.90909
2.96204
1.93561
3.19612
2.76781
2.49769
2.3701
1.10554
2.076
2.67542
2.92256
2.05728
0.996208
2.65606
2.55735
2.70434
2.9428
3.08832
2.88094
2.19044
2.93055
1.7881
1.22897
2.52172
3.06431
2.40682
3.11596
2.50607
1.27507
2.90691
3.10165
1.53731
2.10417
3.03089
3.00335
3.08683
2.02575
2.85949
2.44098
1.60959
3.20022
1.75639
3.12483
2.57504
2.3247
1.76529
2.57573
3.12318
1.47992
1.83894
2.70965
2.52137
1.98882
1.7956
0.979299
1.85808
2.21505
3.09751
2.59672
1.57391
2.80421
2.39424
2.18757
3.19987
2.88841
1.17475
2.11264
2.69109
2.98813
2.72516
3.05851
1.32548
2.79398
2.76332
2.22708
0.987198
2.90172
2.55593
1.66229
3.06249
3.14316
2.01461
2.02836
1.65741
2.78371
2.61139
2.76711
2.81866
2.03548
2.66858
2.43543
3.13155
2.1775
2.795
2.93708
2.51468
1.53685
2.69251
2.50091
1.04306
3.11239
1.91861
1.71471
2.65809
2.62494
1.80239
3.1772
1.99802
1.95302
2.97393
2.20731
2.86565
2.19888
2.6254
3.22394
3.23017
2.17832
3.1654
2.82523
1.18894
2.97459
0.988259
1.99904
2.61655
3.20989
3.22904
2.37677
2.11747
3.16735
3.13678
3.09357
2.43043
2.55296
1.13978
2.69622
3.14564
2.05559
3.00577
3.06692
1.44878
2.94733
2.51285
3.11046
3.02812
1.7335
2.81621
2.94331
2.59238
2.21843
2.46664
2.85809
3.16466
2.81066
2.42868
0.971576
2.57545
3.13677
2.18542
1.94897
1.08822
2.96257
2.57832
2.33436
1.68763
2.73296
1.69711
1.6429
2.11558
2.92675
2.41086
2.29311
2.98464
2.74954
1.85469
2.80455
2.03235
3.06003
3.1679
2.0112
2.94513
3.0384
2.34781
1.1961
2.97239
2.97757
2.52738
2.16807
2.86021
2.94736
2.15359
2.43752
1.14915
2.00786
2.06857
1.04487
2.23533
2.16786
2.83022
3.05427
2.91488
1.12926
2.98092
2.2585
2.39373
2.62021
2.89448
2.42395
1.18728
3.19235
3.06276
3.12826
2.90328
1.22551
2.96805
2.44537
2.18357
3.06078
2.6276
2.92195
2.20747
2.82112
2.75803
3.1989
1.71007
2.21174
2.32347
2.24476
2.97408
2.0623
1.0643
2.05165
2.11507
2.39132
2.59583
2.85216
2.6943
3.23137
2.36316
3.06675
3.19961
2.87199
2.4441
2.40648
3.06663
1.81397
2.51211
1.34858
2.04604
1.91176
2.44702
1.67693
3.05318
3.14495
1.36375
1.17616
1.77645
2.88974
2.79194
2.95158
3.10274
1.10141
2.76277
2.77183
2.46431
3.08674
2.38267
2.96125
2.09257
3.07049
2.21161
2.00324
2.82975
2.33353
1.96003
3.22643
3.15907
1.75307
2.96706
2.71948
2.69646
3.0458
3.06901
2.8352
2.83056
2.09456
3.01401
0.966192
1.62163
1.92852
2.95362
2.32026
2.56956
2.66047
2.03372
2.39028
3.10851
2.89194
2.48535
2.75209
2.55589
2.81168
2.30506
2.75323
1.93046
3.14834
2.89607
2.55575
2.74971
1.51966
2.89375
2.78385
1.97654
2.37488
1.32477
2.23004
2.61821
2.20134
3.10784
1.97808
3.00458
2.12752
2.7156
2.35272
1.63908
2.54022
1.82203
2.78711
1.28449
2.04772
3.04339
1.55999
3.11958
2.99304
1.99454
2.65341
2.17011
2.61882
2.76975
2.12122
2.6719
1.08173
1.23197
2.94663
2.52961
1.50607
2.51445
2.93712
2.51792
2.44936
2.9578
1.78934
2.03986
2.96412
1.84855
2.38724
2.77693
1.3655
2.82652
2.81354
3.13487
2.45627
1.15817
0.951613
2.71387
3.05623
3.0136
1.56102
1.92732
3.12887
2.49956
2.42806
2.15398
3.04563
1.83939
3.10718
1.11466
3.0234
1.87024
3.07109
2.67844
1.51125
2.85313
2.22528
1.60017
2.54222
2.8657
2.64581
1.82786
2.51058
2.54001
2.3926
2.54646
3.02656
1.45676
2.04301
3.17077
1.39871
1.81994
2.49236
3.17842
3.15853
2.13399
3.08721
3.15919
2.39305
1.81628
3.09459
3.09082
2.72335
3.12001
2.05393
2.6828
1.98385
2.07423
3.20678
2.88627
1.0058
3.22805
3.02047
3.11878
3.11405
2.52898
3.14598
2.9836
1.16837
3.07221
1.94218
2.12823
2.98991
3.20055
2.13208
3.15132
2.95009
2.96566
3.19816
2.96639
3.18182
2.31185
2.03684
2.95515
2.83081
3.16575
1.80241
2.72046
2.66839
1.59898
3.16144
2.31561
1.612
2.11848
2.21762
1.95665
1.19429
2.4598
2.8143
3.10416
2.35123
2.11385
1.23476
3.12215
3.02098
2.96265
3.05305
3.01562
2.28986
3.21714
3.11788
2.52859
2.72031
2.30526
1.82935
3.17994
2.70443
2.90378
3.17205
2.37222
1.98173
2.8103
2.26893
2.83602
1.33064
1.54267
1.1948
2.45679
2.98239
1.8283
2.85892
1.51706
3.02614
3.08191
1.71496
3.11613
2.27924
1.77961
2.8892
1.03162
2.44735
2.22823
2.88909
2.43163
3.13182
3.09546
2.36697
2.28226
3.13264
1.17207
2.99992
3.03589
2.77078
1.17851
2.26297
2.02255
3.00029
1.77604
2.78391
2.91568
1.97165
2.97328
1.19844
2.12048
1.83881
2.65095
2.38044
2.11279
1.95692
2.06142
2.57765
2.73855
3.09661
2.98437
3.17993
3.16735
1.44687
1.97728
2.13664
1.25282
2.03415
3.11535
2.29266
2.74836
2.86657
1.93284
2.80518
3.04927
2.40256
2.89315
3.14072
3.16812
1.46992
2.96692
2.37997
2.26994
2.99134
2.53032
2.10188
2.76693
1.82166
2.52727
3.18685
3.12088
2.23312
3.05266
1.31645
2.77907
1.27606
2.95617
2.80211
2.12832
3.11145
3.16373
1.78519
2.45622
3.22218
3.10487
2.48052
3.07557
3.10097
2.94186
1.31757
3.02875
1.66006
2.79728
3.06347
1.03017
2.23985
1.97396
2.86524
2.08482
2.234
3.17789
2.02466
3.18992
2.34133
2.71303
2.15599
2.23201
2.78952
2.59516
3.09099
2.93922
2.1146
1.8055
2.1196
3.15475
3.11579
2.55131
1.44213
2.03674
3.12373
1.0228
2.7117
2.90986
2.62628
2.43079
2.07805
3.07267
2.89469
1.99614
2.05242
1.48267
2.48441
3.02513
1.23541
2.37132
2.88537
2.10415
2.92644
1.83446
2.5998
2.89283
2.90898
2.70657
1.87937
1.28453
1.60632
3.00953
2.49643
1.57536
2.50857
1.07498
3.22243
2.55931
2.33354
3.04312
1.94893
3.17751
1.8639
2.81826
2.71689
2.41322
2.99284
1.28038
2.09954
3.08085
2.478
2.30634
1.91615
3.06977
2.80328
2.86339
1.97355
2.42012
3.0827
1.53038
3.14364
3.12335
0.999306
2.29695
2.06663
2.86108
1.6706
2.56841
2.37684
2.69924
2.68005
2.79776
2.56709
2.72904
3.1932
3.14243
2.61279
3.22182
1.55355
3.19703
3.09382
2.74486
2.42813
2.57033
3.17656
2.28342
2.57632
3.06523
3.06662
2.98903
3.16149
1.91825
2.36971
2.10849
2.08609
1.87454
1.99416
3.22448
3.12511
2.37863
2.74886
2.66878
3.20035
2.89743
1.51529
2.91531
2.09338
1.54163
2.02549
1.32781
3.09925
2.49832
1.54317
2.08363
2.85375
2.54522
1.29034
2.35185
2.87628
2.97649
2.77929
2.20901
2.37341
2.14807
2.97881
1.83141
2.81105
2.60433
2.76205
2.53006
3.10217
2.46676
1.98735
2.09767
3.11628
1.06753
2.22434
3.11113
3.08287
3.2304
2.90553
3.16938
1.12174
1.85977
2.22327
1.98545
3.23036
2.75834
2.78468
2.20957
1.88893
1.65906
1.70697
3.23106
3.10069
2.57198
3.20443
2.40895
2.77694
3.04109
2.78117
3.06778
1.01491
2.71445
3.0637
1.25909
3.2002
1.90065
2.44447
1.06988
1.48817
1.13333
2.60375
2.9335
2.54271
2.34105
2.79641
2.8141
3.01177
2.88187
3.06256
2.60663
1.88471
3.04004
3.07119
2.06706
2.6441
1.96225
2.2622
2.82087
2.42606
3.14396
2.78276
3.01577
2.66438
1.2817
1.19082
2.07105
1.37133
2.13884
2.0855
2.0083
3.20536
2.15301
2.78874
1.14503
1.70921
2.99647
2.41206
1.58354
2.80655
2.59635
2.26036
1.81427
2.65313
3.12992
3.03162
2.81578
3.22029
2.71998
1.08964
3.17346
3.12065
2.3845
2.99926
2.74438
3.04676
2.74469
2.49741
3.0936
1.91708
1.9447
1.04551
2.8354
3.20185
3.06493
2.7715
2.63957
2.14559
1.54569
1.89499
3.22928
2.62861
3.01997
2.10835
2.50096
2.87113
3.01515
2.3081
3.21414
2.89656
2.3622
2.01737
2.5189
2.7902
3.15498
3.02806
1.09211
2.12059
2.32745
1.54593
3.08578
1.50446
2.51738
2.3843
2.45205
1.84554
3.16462
1.8633
2.16246
2.71057
3.19281
1.12401
2.52706
1.91146
2.61932
1.2511
2.43866
3.05492
2.59434
3.14447
3.16303
2.13559
2.42802
2.71313
2.79504
2.23721
3.19118
2.696
3.02373
3.08469
3.18737
2.8315
1.39343
2.01565
2.29334
3.15157
2.39299
1.14172
2.46327
1.764
1.09995
1.8771
2.29294
2.92725
3.02862
1.82148
1.37007
3.20238
2.80515
1.18458
1.17376
1.9177
2.9014
1.06599
2.17273
2.95338
2.84609
3.13751
2.9598
2.9413
2.55906
2.62108
3.0913
1.13015
3.11199
2.07824
2.11102
2.83783
2.4103
2.37234
2.97097
1.73165
2.57467
2.8028
2.33852
2.14464
3.20932
2.98806
2.08998
2.99958
2.27152
1.89693
2.79066
3.21672
1.89457
2.93867
2.12181
2.7928
3.16171
1.95265
2.3378
2.91847
3.04255
1.14164
3.04171
2.49568
2.96043
2.98445
3.19554
3.20846
1.44453
2.04199
2.99007
2.00517
2.33895
2.50666
2.62611
3.15813
1.73462
2.7492
1.97929
3.02422
3.08341
2.85223
3.19046
2.40963
1.90397
2.30769
2.74652
2.88844
2.26168
2.40054
2.51069
2.46128
1.37378
3.20638
3.202
3.13605
2.9417
2.85595
3.17619
1.19587
2.7632
2.83948
1.91521
3.21704
1.55372
2.12859
1.90201
3.13941
2.85596
2.507
2.8724
3.19414
3.08851
2.7504
2.3319
2.55904
2.85339
1.0823
1.69763
2.98446
1.79421
3.03225
2.99262
3.15603
1.08565
1.60452
2.55478
2.73799
1.06989
2.00451
1.22935
1.8666
2.40843
2.05217
2.88261
2.27926
2.22655
1.57622
1.86527
2.61104
3.02746
2.82593
1.90911
2.2089
3.04445
2.47398
1.68413
2.86728
2.6995
2.30859
2.56981
3.03689
2.39875
3.00202
2.99404
2.79684
1.73681
2.62057
2.28805
2.40039
2.62014
1.98731
2.87638
2.47647
1.36325
2.59709
2.0421
2.98439
1.9177
2.44593
2.84742
1.06804
3.04003
1.99209
2.65907
1.17267
2.36866
1.1844
1.23682
2.45966
2.76713
2.28979
2.9446
2.9036
1.83879
1.12947
2.46977
3.14506
2.00269
2.79202
2.19069
2.98488
2.03434
2.22319
1.98796
3.12715
2.41785
1.8306
2.41106
3.07475
2.69173
3.02521
2.84019
1.08328
3.01082
1.00525
2.81705
3.18342
1.96995
2.04473
1.81339
1.81401
1.94687
2.39412
1.81087
2.57942
2.94716
2.71894
2.44223
2.97616
1.83889
2.49225
2.4245
2.76137
2.60319
3.21406
3.17455
1.33366
2.88515
2.23366
2.45958
2.93141
1.4857
3.04224
3.08679
2.75717
3.15749
3.13512
2.88653
2.37462
3.16169
2.97375
1.3705
1.87796
2.21634
3.17232
3.21725
3.20247
1.39099
2.81961
2.59275
3.17212
2.73178
3.11247
2.21882
2.27251
1.71191
1.42576
3.15226
2.93102
2.60347
1.28744
1.94626
2.62499
2.96875
2.85891
2.49774
2.91573
2.33839
3.15915
2.97246
2.99975
1.59191
2.13246
2.85573
2.80934
3.13773
2.02431
2.43825
1.98882
2.48342
1.85501
1.83525
2.53938
2.08156
1.10267
2.99956
1.06737
3.16758
2.97581
3.09446
2.21404
1.98544
2.533
2.57891
2.62058
3.16439
3.20086
2.87079
3.00907
1.85999
3.1669
1.05897
1.15431
1.63367
1.53016
3.01066
2.20974
2.95157
2.48486
2.92884
1.44793
2.80904
3.13826
2.94007
3.15783
2.77252
2.95755
2.35228
1.95292
2.41156
2.98737
3.22379
2.49692
1.90678
2.18946
3.09784
2.61096
2.98249
2.60238
2.2051
2.88615
3.21869
3.11691
2.81146
1.06993
3.21434
3.07452
2.94404
2.00776
1.99205
1.87092
1.34777
2.04652
1.31182
1.48905
2.66516
2.38637
3.19696
2.90016
2.88813
2.73437
2.66551
2.81464
2.22761
3.17466
1.1683
3.0667
2.3416
2.1851
2.53499
2.15745
2.57759
3.09764
1.86803
0.986025
1.35305
1.67218
2.84749
2.69138
2.92223
1.90391
2.65463
3.18683
2.73196
3.19751
2.61827
2.5428
3.15564
2.4755
2.84583
1.98241
1.99556
2.45104
3.13165
2.58892
2.88964
1.71459
2.82748
2.83204
2.36411
3.00332
1.2501
2.92617
3.02378
2.81715
1.59755
1.04863
2.59007
1.84395
2.1577
3.0774
3.2058
1.7141
2.42882
3.19999
2.08003
3.04996
2.17211
2.94093
2.09018
1.92788
2.63312
3.07802
1.94285
2.60364
2.35358
2.08438
2.40432
2.41337
1.05641
1.79943
2.30637
2.96504
2.97306
2.63741
1.46162
1.87741
3.13903
3.09932
2.71386
1.53534
2.90333
2.48385
3.02638
2.97291
3.09496
1.65387
2.45485
2.96248
2.96079
2.45097
3.03481
2.90446
2.73147
1.85686
3.12941
2.24363
2.56076
2.83913
2.13051
1.07946
2.03387
3.00712
2.82907
1.81051
2.81745
2.65567
3.1685
3.21452
2.1204
1.57963
2.21832
3.05027
2.84643
2.5213
3.0793
2.34117
1.9134
1.19169
3.07029
3.12118
2.76981
1.66418
2.93214
3.17915
2.14403
2.94826
3.07814
2.30351
2.98631
2.66202
2.08232
3.16921
3.09539
1.77341
2.74914
2.77393
2.70347
2.29249
2.61703
2.91403
1.88831
1.13162
1.68353
2.38584
1.84078
2.88433
2.92448
2.09706
3.21988
1.82657
2.76939
2.64784
1.797
2.18293
1.88585
1.62254
2.59835
2.88222
1.49813
2.74176
2.77888
2.98042
2.69387
0.978837
1.16875
2.58467
3.04317
3.12557
3.21368
2.83375
2.05898
1.85452
2.45695
1.89218
2.83231
2.79275
1.83755
3.12085
1.87577
2.14419
2.5316
3.04333
1.99432
1.56796
2.22974
2.72024
2.59102
3.20607
3.05208
2.31621
3.20858
2.66221
2.72283
3.08041
2.04854
3.0221
2.30435
2.09335
3.09761
2.14081
2.30893
2.58862
2.46785
2.75223
1.97096
3.21276
2.73403
2.45177
1.71633
3.22797
1.00673
3.16006
2.86183
2.24286
2.73861
1.59803
2.34094
3.087
2.99845
1.07137
2.71429
2.39958
2.58833
2.00743
2.16053
1.72374
1.17014
2.94318
2.78508
1.59924
1.67705
3.01511
2.49334
2.41178
3.1032
2.15133
1.65093
2.71807
2.77419
2.73643
3.21997
2.73771
2.00684
3.10505
2.55754
2.88119
3.00595
2.8035
1.87664
3.15863
3.1808
1.63123
3.16677
3.00263
3.04629
2.49579
1.90927
2.93128
2.34001
2.34422
3.0419
2.32181
2.8892
1.92451
1.83485
1.15357
2.59025
2.86115
2.40537
2.84261
2.36635
1.05214
3.14168
2.51614
1.79337
2.14996
3.11641
2.84433
2.18973
2.36413
3.12878
2.2706
1.38031
2.2672
2.15791
2.89389
2.94482
2.9327
2.91088
1.29408
2.88778
2.64448
1.82874
2.39487
1.69472
1.07533
2.84937
2.70074
3.1054
2.69053
2.95638
2.21343
3.00108
2.06402
3.11673
2.74384
2.05568
3.13727
2.27378
2.00177
2.81049
2.97569
2.41014
3.00861
1.4566
1.97815
1.53294
3.11388
3.12127
2.23369
1.70124
2.89786
2.81331
1.88803
1.86091
2.92695
2.78102
2.7487
1.09988
1.93007
2.79122
2.27377
2.29993
2.48226
3.06734
2.29766
3.0266
2.94565
2.64338
2.70132
2.62261
1.47279
2.32092
2.99668
2.29288
1.33334
2.45196
1.19183
2.60846
2.78429
3.1029
2.48854
1.16549
1.47088
2.56318
2.3938
2.79726
2.9086
2.31661
2.59126
2.68981
2.76125
2.75011
2.81147
2.14774
3.08873
2.04745
2.67323
1.62707
2.47086
3.15612
2.87821
2.19483
2.99532
3.18629
2.96384
3.16743
1.15883
2.53254
2.02669
1.08453
1.92423
2.90435
2.26472
2.32562
2.31307
2.68579
2.72339
1.8817
2.13679
2.85338
1.63144
1.08214
1.86339
3.05038
2.55426
2.70104
2.71855
2.70878
2.75723
3.20735
2.92998
2.30132
1.35983
2.54911
3.0284
2.09135
3.14753
1.23854
2.99991
2.59339
2.51801
2.25273
2.06082
3.00545
3.12845
2.34513
1.41798
3.0426
1.52111
2.31125
2.60344
1.26692
2.19787
3.12955
2.16253
3.22886
2.26278
3.06576
2.88016
3.08586
2.16511
2.63554
3.10945
2.30772
1.12085
2.88802
2.42841
2.61108
2.86895
2.60305
2.93016
2.19097
3.17963
3.18897
2.05172
3.17799
3.01707
2.55721
1.91392
3.06669
1.74871
2.42585
2.38509
1.48619
1.23498
1.69079
2.07563
1.59466
1.44726
2.74736
2.34087
2.53856
2.84511
2.16069
2.16459
2.49719
1.65525
1.2638
2.98653
1.88535
1.32054
2.39821
2.87265
2.91302
3.06764
1.59542
3.1789
1.9015
2.83381
1.48051
1.96963
1.8783
2.55507
0.98954
2.47413
2.72107
2.92355
2.7475
2.98571
1.04409
2.80437
3.10747
2.66753
2.45896
1.83994
2.44988
1.81177
3.08986
1.74196
2.75166
2.26779
2.54137
2.31947
2.54081
3.22373
1.59744
2.80316
2.29661
2.9827
2.59993
2.5394
2.19485
2.43014
2.87201
2.83194
2.92432
2.39909
2.55507
2.69687
1.34896
2.44623
2.48398
2.84547
3.07083
3.14034
3.21446
2.26426
2.8988
2.32142
3.12037
2.17753
2.80199
3.12112
2.83559
1.8269
2.69656
2.20475
2.96698
2.99871
2.17949
1.22733
2.87196
2.94172
2.40942
1.9929
1.74842
1.28706
2.67653
1.96891
3.22225
2.7398
2.9734
3.13504
2.41616
2.89864
3.1321
2.18452
2.15905
2.4792
2.8734
2.70406
2.73996
2.05686
2.62887
3.03037
2.07728
1.20119
3.15183
2.24829
3.0123
2.49268
2.42951
2.44813
2.89476
3.01857
2.7463
1.24222
3.01949
2.08933
2.14692
1.77392
2.75599
2.11029
2.17097
2.29388
2.02188
3.21998
2.98753
3.14698
3.17706
2.78146
2.43198
2.70583
1.77105
2.88468
2.90974
2.1721
2.09306
2.19644
3.09014
2.71756
2.80858
1.10179
1.12833
1.90999
2.02479
3.04238
1.78073
1.65794
2.16793
2.85753
2.75051
3.03113
2.42936
2.70194
2.40979
2.90854
3.13478
1.81304
2.959
2.54654
2.5796
1.82102
2.73281
2.99005
1.86115
2.25644
2.24971
2.55281
2.90276
1.11322
3.06161
2.85557
1.75303
3.13539
1.14779
2.1139
2.21521
2.80967
2.8175
3.20383
3.1317
1.81476
2.27095
1.34911
2.79434
2.68091
1.0127
1.91956
2.48624
1.60636
3.15131
3.12895
2.71321
2.12253
3.11832
1.95941
2.8278
2.54978
2.29276
1.79984
1.2274
2.76413
3.11475
2.32703
1.99193
2.65765
2.95045
2.78767
2.18332
1.38455
3.12314
2.4914
1.3176
2.39139
2.34749
2.44398
3.17998
2.70404
1.66884
2.19663
2.8456
2.87306
2.2287
3.05238
3.20224
3.04625
2.4208
2.34037
2.94918
2.23561
3.12942
2.10799
3.19452
3.01717
2.54326
1.56044
2.49426
3.10136
1.19575
2.94664
2.22891
2.25237
3.1926
1.20947
2.16858
2.5429
3.02194
2.78001
2.40376
3.17517
2.1207
1.84181
2.24665
2.04021
2.45175
2.09855
1.41781
3.22446
2.47886
2.81684
3.09543
2.24411
3.05313
1.24654
3.10894
2.94231
2.73637
3.00229
3.11003
2.62248
3.15702
2.12083
2.77479
2.10104
1.39763
2.82428
2.42229
1.76114
2.95746
2.56761
2.06078
2.00337
3.1352
2.49378
2.53587
2.51941
3.00232
1.51024
2.23822
2.83352
3.09116
3.19456
2.36941
3.22588
2.75821
1.73103
2.32935
1.82943
2.90096
1.81173
2.14938
1.85381
2.57658
3.07409
3.05323
0.997443
3.1867
3.04978
2.48162
2.56087
2.97709
2.55502
2.49139
1.83419
3.11143
2.01626
2.9988
2.33766
2.19279
1.53595
3.18567
2.93902
0.985267
2.8637
2.48186
3.12312
2.67826
2.71201
1.07899
3.14256
2.89812
1.82282
1.57248
1.62916
1.23485
2.21015
1.09981
2.23501
1.28136
3.13501
1.17442
3.19269
2.96003
2.30739
2.97363
2.2033
2.95386
3.22028
1.04872
2.88598
2.85586
2.17348
2.51119
2.75511
2.66217
2.08312
3.13635
3.19143
2.32913
1.45003
2.69966
2.91683
1.35954
2.98596
1.54729
3.06753
2.98121
2.91273
3.00079
2.44026
3.18965
1.57787
2.67365
2.96946
2.3233
3.14059
2.88972
2.05915
3.16964
2.27604
2.46038
1.81674
1.5096
2.09761
3.04712
3.11365
1.10246
2.14399
2.69269
2.67236
2.41427
1.93173
2.87842
2.95822
1.86365
2.15201
3.1969
2.9983
1.10413
2.24257
2.89891
3.1969
2.95361
2.92027
1.31188
2.62712
2.48231
1.23979
2.946
2.5121
2.63086
2.92805
2.03808
2.95775
1.2402
1.92957
2.43022
1.19667
2.66804
2.22205
2.69303
3.168
2.12675
1.09851
2.47155
2.37723
2.6899
3.04054
2.85621
2.76062
1.77508
1.81939
3.16975
3.19333
3.136
2.00242
1.53067
2.09476
2.32872
2.99187
3.09531
3.19573
2.24294
1.62015
3.13582
1.325
1.21651
2.09263
2.90294
2.80356
2.65818
1.78229
2.37107
1.25924
2.99981
2.74456
3.10402
2.9394
2.73826
1.17297
2.94622
2.20761
2.12535
1.58882
2.9995
2.81671
2.80528
2.75852
0.988461
2.92556
3.22317
2.13248
2.3899
2.22474
2.03181
1.26616
2.88099
2.67189
1.92581
2.5033
3.16061
1.18073
2.80303
1.29286
2.67738
3.16773
1.99965
2.97337
1.06012
3.11151
2.14406
1.99573
2.82553
2.42364
1.5818
2.14382
3.2181
1.9138
1.81909
1.98487
2.2264
3.21423
2.35162
3.03932
3.16096
2.79728
2.04727
1.871
2.57832
3.11814
2.81077
2.91318
3.02285
1.00578
3.1172
2.24704
2.1605
2.019
2.47144
2.95391
2.83419
2.73294
2.89162
2.27695
2.63115
3.12224
2.96582
2.12432
1.55446
2.64075
2.39609
2.02413
2.22003
3.22167
3.14009
0.96643
1.09901
3.20832
3.12715
2.91331
3.17895
2.832
3.13329
2.99057
2.96352
3.04526
2.55411
2.49957
3.1678
1.83843
2.64605
0.944087
1.94243
2.24497
2.73676
1.95149
2.03455
1.53334
3.13548
2.50351
1.12649
2.64698
2.62832
3.08369
3.20707
1.40748
3.21864
3.12361
2.86071
3.20291
2.99309
2.32211
2.58874
2.59564
2.04884
2.48716
1.8938
2.76837
2.74567
2.71025
2.37207
3.04444
2.73867
2.16655
3.06704
3.12597
3.11283
1.77413
1.73276
1.35184
3.02266
2.19809
0.955356
3.09754
3.01878
2.60109
2.7395
1.5137
2.94926
2.633
2.94218
2.09975
3.12165
1.81543
2.59071
2.13706
2.20095
2.858
2.68585
2.57537
2.60742
2.88545
3.13595
2.80169
2.56358
2.4226
2.88208
1.02243
3.20118
1.92055
2.04312
2.91036
2.57096
1.23951
3.18903
1.60515
2.29243
3.19019
2.0792
3.0044
3.18163
2.63868
2.61737
3.21815
2.46208
1.00029
2.22979
2.95011
1.57019
3.22826
2.61011
3.10042
3.03453
2.00382
2.65219
2.82237
3.19632
2.49683
3.08905
1.08901
3.06366
2.52101
1.93993
1.42475
2.77721
2.32342
1.29099
2.6148
3.12962
2.56933
1.60688
1.61392
1.95585
2.52967
2.02882
2.22174
1.8464
2.6574
1.20117
2.19739
2.05158
2.09411
1.20998
2.24974
2.10285
3.10677
2.68234
2.9748
2.83521
2.26186
2.44504
2.92428
2.59272
3.08254
1.40532
0.969408
1.52907
3.10781
2.73939
3.12748
2.44419
2.37783
2.30033
3.18758
2.22116
2.01276
2.36086
3.197
2.21375
2.30082
2.7309
1.28436
1.90288
3.16841
2.68864
3.10655
3.19781
2.60236
2.83441
3.05197
2.9291
2.23785
3.15498
2.75349
3.11636
2.22247
1.91772
2.92098
2.9972
2.17158
1.69668
2.18652
2.64141
2.74916
2.92246
2.3983
3.13902
2.31658
2.85634
2.99668
2.44256
3.11947
2.38424
2.74494
2.83326
3.00097
2.37844
1.89735
2.39478
1.08424
2.95297
2.99859
2.2469
2.49832
2.17962
3.2294
3.22261
0.944231
2.79866
1.00932
1.18622
1.31153
2.99069
1.0362
2.12204
2.38532
2.83418
3.1275
1.76628
1.73646
2.44991
3.04876
1.25855
1.67979
2.93812
2.25605
3.21028
2.23015
1.38589
1.72015
2.54472
2.94551
2.63421
2.65775
3.1535
1.99713
1.69392
2.39949
3.21448
2.95937
2.58655
2.34122
1.99967
1.93888
3.06712
3.20979
3.1848
2.77881
2.01541
3.06829
2.05478
2.43617
1.79456
2.27886
1.21579
2.58408
2.9285
3.22916
3.00934
2.13489
2.49352
2.90619
3.10459
3.0632
3.18529
2.32505
2.2415
1.82565
2.91162
2.79994
2.72777
1.86246
2.94126
2.94889
1.98286
1.93985
2.94756
2.93393
2.50008
2.92859
2.92583
3.14474
2.9908
1.91707
2.98662
2.54083
3.07462
2.94924
2.40776
3.14094
2.80289
1.98479
2.75874
2.96177
2.19081
3.14438
2.39157
1.93071
1.16727
2.56435
2.93853
1.44657
2.62256
1.8368
2.5056
2.85759
1.84283
3.12421
1.22671
2.85201
2.00587
3.21472
2.7535
2.64284
1.58143
3.11722
2.57049
2.52544
3.07955
1.85386
2.9339
2.41388
1.92828
3.1291
3.00346
1.05387
2.31148
2.00768
1.2104
3.15385
2.84654
2.10481
1.34957
3.10843
1.91029
1.05745
2.10813
1.85455
2.00088
2.58796
1.93238
1.87049
2.87318
2.59349
2.48639
1.92074
2.08966
3.16603
2.05509
1.31325
3.12937
2.89594
1.86983
2.95687
3.12475
1.39923
1.03066
2.33698
3.18049
1.23588
3.08153
2.88118
1.32049
2.12265
1.19788
2.84634
2.6753
2.14415
2.30655
2.3519
1.6414
2.41521
3.02179
1.89662
2.41527
3.0581
0.888973
3.22546
3.13679
1.9976
2.56359
2.21384
1.09039
3.01235
2.13182
2.42239
1.81544
3.01753
1.17554
3.05173
2.83069
3.11094
2.31698
1.89891
3.19325
1.36419
2.37656
2.64762
3.22129
1.21047
3.23147
2.68995
2.0753
3.11204
2.41412
3.06232
2.96246
1.29602
2.58122
2.67392
1.83285
3.162
3.03574
2.52396
2.29537
3.08382
2.51847
2.00758
1.17466
2.38866
2.74703
2.0693
2.37648
1.9214
2.99365
2.98029
2.95325
3.23053
1.59703
1.71739
3.20755
1.42633
1.49218
1.9066
2.91206
2.90908
3.07802
1.5484
3.17457
2.8602
2.99135
2.24672
3.0656
1.60984
2.25547
2.29705
2.73616
2.15052
2.64412
2.30244
2.40488
3.07127
2.58524
3.13417
3.06637
1.30513
2.83378
3.03267
2.98454
2.78641
1.52001
3.05496
2.41575
2.98694
2.97815
1.51814
2.00576
2.53315
1.89162
2.76523
2.87724
2.71226
2.86959
1.18623
2.06448
2.97977
2.84665
3.20717
2.89525
3.23149
1.27028
1.95643
2.91854
2.24341
2.55738
1.42423
2.24273
2.64385
2.8709
3.01172
2.35209
3.2185
2.72013
1.46714
3.07616
2.91969
2.69749
0.990027
1.78606
2.54068
3.03862
2.65426
2.67314
2.32086
2.49952
2.22007
1.01146
1.77968
2.04898
2.93783
2.65583
2.92006
2.2442
2.12215
2.16146
2.75056
1.84558
2.30058
2.93579
1.71859
2.5982
2.21862
2.8091
2.35793
2.7501
1.57316
3.14839
2.38342
2.63202
2.95293
1.64709
3.1691
2.66024
2.6574
2.28156
2.48232
2.55986
2.78192
2.71081
2.91637
1.9356
3.0179
2.47017
2.87515
1.9981
2.65566
2.83389
2.75021
1.87997
2.34268
1.97799
2.03819
2.68699
2.31267
1.89851
3.20426
2.61695
2.56235
3.12859
1.5123
3.10256
2.45595
3.08046
1.12043
3.03205
2.8245
2.74921
2.87605
2.09327
2.85826
2.11584
2.99802
2.70534
1.8657
2.96029
2.5198
2.08441
3.00078
0.983959
2.72878
2.88061
1.00431
2.21736
1.21675
2.84823
2.18149
3.21038
3.12617
1.8257
2.44307
2.02422
2.61005
2.87962
2.76014
1.44517
3.16952
1.82614
2.87216
2.50195
2.14473
2.78474
2.64027
2.64956
2.07233
1.6368
2.79392
3.13362
2.06341
2.97218
2.94117
1.31807
2.43854
3.20258
2.07552
2.63403
3.09474
1.69128
1.8788
2.81493
2.44146
2.93638
2.01302
2.18921
2.88321
2.38197
1.41723
2.67488
2.9137
2.88127
2.35294
1.23208
2.2383
2.73722
2.49848
1.87679
2.77808
2.99685
1.86193
2.11559
1.92212
2.98255
3.18071
2.69133
1.83672
2.59377
1.75617
2.78379
1.20507
2.94316
1.3531
1.8444
3.20214
2.26159
2.011
2.52124
2.8831
2.47873
2.75955
2.86215
2.91766
2.65
2.3875
1.45421
3.13667
3.06936
3.14842
2.91921
2.25903
2.8061
3.08711
2.9617
2.45885
2.78261
3.22345
2.92009
1.00894
1.3455
2.86225
2.24606
2.33627
2.84972
2.19318
2.49879
2.28754
1.73667
2.71441
1.67614
1.94502
1.02656
1.58495
3.16851
3.03121
2.22729
3.07781
2.90557
1.09882
2.83298
2.74009
1.15494
2.7574
2.99363
2.97814
3.08505
2.51466
2.84179
2.7541
2.80635
1.89558
3.08841
3.22387
1.96082
2.60934
2.88849
2.03122
1.6757
3.03913
2.54161
3.13684
2.79975
1.59772
2.12351
2.38275
3.05355
2.16343
2.92739
3.02812
3.21791
3.12946
2.21232
2.67224
3.06636
1.92689
2.45067
2.23171
3.13815
2.46314
2.73259
2.17173
2.1213
1.82191
2.21694
2.80766
3.13324
2.01878
3.04677
2.56727
2.77455
3.04683
2.94448
3.1597
2.70525
1.15882
2.22757
2.06406
2.0742
1.93
1.1091
1.82155
2.43198
2.99124
2.62579
2.4713
3.10607
3.0761
2.43883
2.47187
2.8861
2.24683
2.01821
3.03969
2.20596
1.08319
1.28757
1.25223
2.91973
2.00744
3.12076
1.17296
1.99019
2.81617
2.15159
2.96572
1.13206
2.95626
2.65912
3.02114
2.88603
2.92265
1.89729
2.29303
2.77407
2.80814
3.21139
2.43892
3.04127
2.95925
2.88913
2.20911
2.94448
1.07557
2.4943
2.94245
2.55045
2.40106
2.68932
3.19418
2.39015
2.77545
3.07853
2.54344
3.13205
1.10638
2.91883
2.25051
3.12254
2.79039
2.85057
1.92029
3.17399
2.35224
2.04325
2.30007
2.98521
2.5139
3.10135
2.70746
3.1326
2.0894
2.5272
2.41289
3.03289
3.07534
0.993889
2.69313
1.12256
2.50916
3.01315
1.60957
2.69822
1.02563
2.34748
2.7988
1.76737
3.07672
1.82621
2.65626
3.17827
2.25874
2.85986
3.06999
3.0868
2.82014
1.33415
1.94506
1.45148
3.10709
2.04184
2.88117
2.17882
3.21207
1.72561
1.1246
2.43627
2.21853
1.63951
3.19531
3.17162
2.16267
2.56305
2.93782
1.60026
1.70888
2.87121
1.21173
2.77622
2.22769
2.98322
3.08974
2.61311
1.78481
1.34962
2.72856
2.17973
3.01491
3.10091
3.10109
2.99756
2.85023
1.2575
1.62108
3.20741
2.90668
2.71512
2.40989
1.81304
3.13521
2.07892
3.04322
2.58156
2.76726
2.34541
2.96288
3.16736
2.61829
3.00937
3.20873
2.89123
2.72559
1.94918
2.20205
1.03377
2.3111
2.85488
2.59936
2.3141
2.3408
1.65868
2.62312
3.10602
2.37648
3.00971
3.05457
1.79508
1.59593
1.9393
1.77075
3.17964
2.19327
2.27771
3.0959
1.10762
1.23179
2.05463
2.91085
3.13587
3.04076
1.95727
3.18034
2.78467
2.092
1.25032
3.00575
0.993982
3.01492
1.97439
1.15301
2.6479
2.60556
1.73254
2.00268
2.67543
1.0547
1.77494
2.80141
2.98932
1.33477
2.4111
2.15511
2.75947
1.22396
2.74221
1.83272
2.90379
2.39727
1.17709
2.92254
3.11199
2.17779
2.96569
3.07514
2.30992
3.13226
2.9595
2.91293
2.31984
3.20619
1.87215
1.9334
2.43962
2.72414
1.16315
2.07288
3.03746
2.88725
1.59292
1.29905
2.6725
2.97287
3.07975
1.09893
3.13861
2.19859
2.22987
2.8595
2.96429
2.45446
2.57451
2.97545
2.26764
2.37346
2.44318
2.71746
2.90865
3.04402
2.69422
3.15397
3.03476
3.22857
1.70062
2.23005
2.23819
1.48817
1.57642
2.47683
2.00945
1.73523
2.31874
3.09514
2.86334
3.19446
2.39562
2.86028
2.01595
2.24518
2.82742
2.25434
2.11191
2.31882
2.74557
2.89398
2.72499
3.17593
2.25839
3.20841
2.9124
3.01125
1.83946
3.04691
2.77916
2.62597
1.93078
3.15023
2.01561
2.93868
3.04177
2.53794
1.96818
1.76596
2.48886
1.97347
2.22409
3.13471
1.30685
2.97647
2.71969
2.21306
2.53615
2.94726
2.16863
2.6656
2.75417
2.93852
1.14858
2.30359
1.90653
3.01076
2.38744
3.08911
1.94224
2.53
2.58763
2.80605
2.51734
2.89591
1.87893
2.6734
3.06689
3.02453
2.59182
2.58637
3.19229
2.72864
1.15914
2.76317
2.89428
2.73154
2.23645
1.12393
3.13307
3.21188
1.17707
1.04875
1.75939
2.706
1.69389
3.19946
3.1984
2.92088
2.68609
2.85829
2.24088
3.13748
3.11256
3.22671
3.10429
2.42398
2.205
3.07588
2.82991
2.54681
3.0489
2.84412
2.92513
2.04014
2.41477
3.21862
2.89816
1.9386
2.94754
2.3111
2.26584
2.66002
2.82539
2.89481
2.74359
1.2753
2.22187
2.15852
2.92578
2.1136
1.29637
2.75278
3.06762
2.93613
2.36178
1.14204
2.37064
1.85343
3.05645
1.7782
2.59876
2.4013
1.90844
2.56091
2.91363
2.8484
2.89141
3.00239
1.07463
1.08348
1.62992
1.92001
3.05654
2.37706
2.93847
2.08718
2.89729
2.11027
3.08135
2.65344
1.45383
0.955554
3.09257
2.98688
2.51941
3.08384
1.9228
3.1794
2.90745
3.11913
1.24566
2.55211
2.54413
3.08666
2.46526
1.66427
2.95807
2.27232
3.07572
3.0373
3.00153
2.62983
1.35743
1.24509
3.21473
2.44762
2.40442
2.02996
3.23029
3.02232
1.87076
2.76629
2.85717
2.18601
1.64376
3.1217
2.60583
2.19003
1.51468
2.63917
2.09178
2.99153
2.85755
1.78017
2.77042
2.14775
3.21505
2.63607
3.13634
2.32818
3.10444
2.76271
3.12203
2.36766
3.0096
2.35492
2.12817
3.17014
2.05734
3.10954
2.80601
3.19944
2.76943
2.12405
2.31777
2.65955
2.7452
1.95321
1.34582
2.9372
2.4275
3.19655
2.90126
2.70319
2.97204
1.90885
2.79424
3.17253
2.14022
2.72157
2.90455
2.74314
2.39879
1.4723
3.11919
1.90466
2.84921
2.46313
3.14698
2.64251
2.43609
2.70905
2.55732
1.03844
2.413
2.79917
1.81469
2.21784
2.54191
2.21594
1.00119
1.08851
2.14555
3.14426
2.97568
2.58587
3.14992
1.23839
2.87433
1.8548
3.00694
1.94628
1.21881
2.76064
3.02654
3.08812
1.06456
2.98327
2.02541
1.26574
2.53871
1.91753
2.90596
2.59989
2.74391
1.82714
1.83806
2.14638
2.77902
1.96224
2.8404
2.73875
2.57427
3.04427
2.46833
1.81959
2.09254
3.13157
2.05807
2.42572
3.15597
2.72154
2.28242
2.89683
1.38895
2.83884
2.58226
2.1051
2.99262
2.31894
2.3821
3.02614
3.11776
1.7018
2.98551
2.17246
1.11911
3.08401
3.09858
3.01806
2.57167
1.29146
1.75192
1.38368
1.29957
3.07923
1.16267
2.90617
2.73678
2.26416
2.96185
2.9485
2.13465
3.17803
3.04734
2.12473
2.11087
2.59966
3.18983
2.79696
2.69061
1.6746
2.5371
3.1855
1.07426
2.42935
2.9019
2.20232
3.20354
2.2174
2.13273
2.24259
2.8024
3.20763
2.32226
2.13941
2.45664
2.5265
2.43667
2.76176
3.21336
2.49113
2.4649
1.20366
2.01477
2.65333
1.26591
3.05439
2.93265
3.04683
2.19071
2.65108
2.01573
2.85346
1.51222
3.1421
2.87158
2.22547
1.22425
2.75043
3.08169
2.03174
3.05225
2.81677
2.38235
2.58136
1.36325
2.24154
2.26701
1.10966
2.3845
3.09019
3.01862
3.13098
1.2148
2.82451
2.29285
2.87907
2.64638
2.96717
2.05035
3.17349
2.94787
2.35881
2.83739
2.8522
2.40469
1.86892
2.42828
2.1362
1.98216
3.11067
1.96999
2.93078
2.72844
2.06985
3.05443
1.11664
2.99153
2.85502
2.23017
3.01455
2.99788
1.20341
1.13203
3.11219
3.11604
3.17081
3.03117
2.21077
1.81571
1.45482
3.16356
1.10203
2.99773
2.24065
2.9465
2.31792
1.69222
2.38511
2.90996
1.37902
2.71013
2.94514
3.14742
3.1348
3.16289
1.77861
2.86579
2.29271
2.31769
2.22953
2.21291
1.92254
3.08302
2.88703
2.58814
1.71196
2.92944
2.95956
2.32225
1.69883
2.01976
1.67882
2.82715
2.33033
1.4453
2.92536
2.86187
2.52533
2.63332
3.01783
2.97565
2.75721
2.52845
2.61249
2.86094
2.58812
1.89099
2.43773
2.70481
3.06145
3.15852
2.5796
2.71536
1.83868
1.97449
2.85412
2.84082
1.96192
2.93574
2.30125
3.04787
2.88899
2.53704
2.7805
2.4973
3.08801
3.11266
1.44902
2.2951
2.12146
2.91511
2.49143
2.27325
2.65886
3.12767
2.98487
3.17242
2.21518
3.07484
1.01572
2.81125
1.05901
2.2889
3.11726
1.34517
2.49774
1.09498
1.82913
1.44361
2.56037
2.42684
2.50686
1.73669
2.91819
1.95017
2.57417
1.98313
1.50806
1.94655
1.50255
1.99492
2.79561
1.774
2.6585
2.58337
1.99368
2.75997
3.05361
2.48412
2.00664
1.21108
2.81244
2.23753
1.73848
1.99984
1.90702
2.60081
2.45261
1.36977
3.04871
2.3348
2.90517
2.25154
3.18343
3.20739
1.20279
2.72728
2.10074
3.03335
3.08616
2.8399
2.49379
1.98431
2.90004
2.501
1.22872
1.21538
2.75356
3.20547
3.17856
1.89781
1.95498
2.40507
2.10701
1.19325
3.11508
2.78319
2.92611
2.80804
2.62012
3.19166
3.18758
1.96179
2.86531
2.80101
3.12223
1.28523
3.22528
2.96798
2.05817
3.14082
2.30627
2.46253
2.15826
3.04494
3.07967
2.9294
2.63951
2.92943
1.74185
2.60905
2.67657
1.54567
2.91494
2.89618
1.34971
1.09674
3.07705
2.22896
2.42626
2.07057
3.0558
3.03167
2.98456
2.73916
2.99541
2.32336
2.51671
1.17839
2.15959
2.9248
3.04458
2.50577
2.36226
1.93452
2.90664
3.12465
1.24048
2.30916
1.81837
2.52203
2.02894
2.20138
1.78191
3.21
2.95107
2.20438
1.83526
2.98756
1.24834
3.00867
3.15391
2.66832
2.97708
2.12783
2.06295
1.91603
2.59216
2.67321
1.79908
2.43392
3.20462
3.19231
2.99053
3.2067
2.11303
2.32642
3.0834
2.66479
2.87624
2.01771
2.45593
2.86963
2.81075
1.86157
2.85806
2.42947
2.85402
2.03607
1.96651
1.96397
2.16721
2.95814
2.65052
2.97673
2.20667
1.12808
2.3919
1.33687
3.0787
2.99076
2.1723
2.84428
0.987128
3.09426
2.55981
3.04728
1.86364
2.65105
2.53858
1.08953
2.48359
3.22951
2.82879
1.04863
2.39556
2.73762
2.3466
2.51913
2.58417
3.06802
1.8141
2.16914
2.83154
3.06607
2.85714
1.42991
2.16965
2.13502
2.70723
2.7053
2.88431
2.95569
3.17565
2.74364
2.42838
2.25059
2.80944
2.99655
1.96385
1.89236
2.28566
1.82679
2.09213
2.68515
3.03837
2.39603
3.22505
3.19374
2.25544
2.84722
2.83709
3.21816
2.17226
2.13662
2.18697
2.98354
2.47884
2.90697
2.04031
2.51049
3.13158
2.49846
2.4684
0.96336
1.94034
3.17867
2.21751
1.83154
2.95101
2.69437
2.61637
2.94664
3.09469
3.15944
2.52424
1.03592
2.2494
2.70142
2.99788
2.85056
1.5398
1.53043
2.19258
2.32334
1.31494
2.95591
1.80524
3.09087
3.16387
3.21082
2.61377
1.29066
2.64838
2.39772
2.87327
2.30019
2.97615
2.57214
2.64589
2.97878
1.05185
3.22309
1.78409
2.02238
1.0428
2.89495
1.30033
2.30041
2.89646
3.10562
3.21391
3.06774
3.126
1.52331
2.69139
3.08988
2.11666
3.18361
3.14892
1.97506
1.93856
2.64883
2.69535
3.05621
1.63489
1.12889
3.11532
2.35019
2.908
2.88257
3.0864
3.00603
1.93339
2.29734
3.12928
1.61348
2.85508
2.42716
2.75775
2.43704
1.17031
2.6276
2.19273
2.33719
0.963242
1.92199
3.17058
2.52422
1.91117
2.70622
3.1509
2.67697
2.76677
2.51118
1.87863
2.25894
1.70108
2.88986
1.95927
2.72537
3.20514
2.43085
3.2221
2.95875
1.25699
2.92361
3.1044
2.81719
2.05415
1.54903
2.99772
2.34824
1.44093
2.28553
2.01143
1.1867
2.82211
1.13416
3.19469
1.89175
3.02402
3.10937
2.37461
2.95049
2.32273
1.96454
3.03471
2.65191
2.79514
1.02869
2.79642
3.11837
2.76887
2.80171
3.16445
2.44749
2.57321
1.73662
1.9515
2.78259
2.93816
3.22967
3.02172
2.48413
2.52689
3.20079
2.88172
2.7872
1.87458
2.62578
3.01326
3.1586
1.73385
1.66091
2.52789
2.81073
2.01882
2.29437
3.22354
2.55425
2.82988
2.11664
2.56034
1.6291
2.06048
2.96896
2.40121
2.81337
3.19112
2.44276
1.42636
3.12637
2.74437
2.17737
1.20736
3.07992
2.14113
2.02183
3.20232
2.63722
2.91701
2.67014
2.1687
2.93946
0.998602
2.81881
3.20585
3.1842
1.85908
1.24479
3.0982
2.87304
3.22423
1.22327
1.44383
3.08472
2.6055
2.08089
2.29511
3.20454
2.76811
3.08099
3.06793
1.25746
2.76066
2.28932
2.7728
2.88883
1.55144
2.78844
2.4553
2.27018
1.13821
2.11181
2.21473
3.11071
2.89219
2.573
1.8532
3.17643
1.76855
2.56215
3.08895
3.17622
2.96373
2.27502
3.11862
2.7256
2.68647
2.97697
2.65577
2.1187
2.51816
1.94906
2.41998
2.66931
3.01682
2.96687
1.0837
1.83228
2.31562
2.25549
2.35163
2.45273
2.03971
3.06231
2.74864
1.99298
1.28453
2.60091
2.15677
2.38677
2.61654
1.75097
1.87308
2.2987
1.21087
2.73367
2.90718
1.87382
2.22269
1.69068
1.13358
2.86523
3.12889
2.65372
3.00571
3.20687
2.2566
2.20353
1.45724
2.82641
1.87841
2.98315
2.33804
2.60978
2.27553
1.30741
2.71931
1.51989
3.05616
2.69799
3.06721
1.33086
1.21989
2.71685
3.02768
1.97756
1.98669
2.99821
1.30465
2.83515
3.09609
2.63302
2.31388
2.15504
2.84558
1.13292
2.99697
2.97757
3.1348
2.94417
2.92473
2.70625
2.11406
1.25907
2.53448
2.25528
2.47031
1.98995
2.14717
3.09526
2.63818
1.07796
2.38744
2.8131
2.03185
3.01627
3.1959
2.55252
2.60649
2.6929
1.04644
2.94764
2.21356
3.06357
2.90471
2.7118
3.18896
2.53475
2.95003
3.03571
2.54005
3.09164
2.78963
1.80833
2.76966
1.96254
2.66464
2.76286
1.94479
1.30293
2.97924
2.96912
1.10963
2.52007
1.26966
1.23801
1.13305
2.28709
2.27888
1.78873
2.96532
3.14397
3.04744
1.73533
2.99967
2.90542
2.52207
2.9841
1.94485
3.2204
2.11899
2.09454
2.80671
2.85618
2.85455
2.346
2.92932
2.95561
3.12296
2.9604
1.90304
2.41715
2.96843
3.21723
2.2942
2.24297
3.12517
2.66844
1.94605
1.06338
2.10486
2.84118
2.59097
2.844
2.10269
2.16114
3.16223
2.97195
3.19596
2.41287
1.23775
2.06332
2.92253
2.54384
3.18439
1.32817
1.84221
2.1846
1.22795
3.18554
1.42597
2.88749
2.82632
2.14524
2.49111
2.40613
2.3616
2.76713
2.37821
2.53948
3.17114
3.06849
2.56308
3.2201
2.85963
2.43438
2.39449
2.31137
2.50711
1.06801
2.18379
3.21058
3.17313
3.18234
2.37974
2.65195
2.40964
3.0742
3.00492
3.09588
1.59033
2.61614
2.19952
1.15439
2.06423
2.69998
1.19992
1.99727
1.84481
0.968957
2.48696
2.89899
3.08652
2.61271
3.07758
1.84384
2.91208
3.21424
1.78816
1.27754
2.32322
1.71844
2.06462
2.48145
1.89235
2.28209
3.2199
2.4319
2.81586
2.92729
2.71571
3.1231
1.10091
2.47622
2.20733
2.30682
2.13257
2.53198
1.88878
2.61797
3.12781
2.55711
2.94208
2.96058
2.48951
2.97681
2.88624
2.77908
2.82908
1.7799
2.99411
2.89444
1.39526
3.06832
1.74965
2.54659
2.66357
2.86021
2.226
2.18064
2.29147
3.16648
2.68625
3.06252
2.03566
1.96591
2.90088
3.0649
2.98415
2.01057
3.09431
3.12463
2.55519
2.1634
2.49142
3.13579
2.79901
2.97472
3.1488
2.80025
3.01338
2.98441
1.53401
2.8935
2.94577
1.43291
2.04434
2.87537
2.32416
1.58841
1.01928
1.97785
1.89392
3.14078
2.46553
3.10805
2.93301
2.83983
2.79408
2.28875
2.07075
1.43746
3.18696
2.1012
1.24449
1.05846
2.91388
2.22221
1.59111
2.99409
2.68747
2.49488
2.0433
2.55804
2.65506
2.95419
2.61349
3.06288
1.26763
2.14723
1.55462
2.70913
2.58255
2.06366
2.41203
2.90254
3.15842
2.4796
2.20851
2.06341
1.99571
2.46976
3.07117
2.12139
2.27465
3.14457
2.40292
3.05933
2.80585
2.96497
2.07762
1.63448
2.58055
2.39118
3.18102
1.94808
2.35607
1.09096
2.8086
3.05048
1.81729
2.81779
2.73074
2.69556
3.08066
3.13291
1.24824
2.16229
1.81118
3.01136
1.86917
2.55719
2.78179
3.19066
3.16067
2.39257
2.19112
2.88838
1.66207
2.74479
2.16353
1.74997
1.2617
2.51548
3.05992
3.2017
2.09984
2.93509
3.02783
3.07415
2.75418
2.60892
1.48792
2.19896
2.51241
2.02189
1.77573
1.04158
2.79471
3.09416
2.86742
2.35531
2.91328
2.42213
1.89538
2.83922
2.25561
3.17583
2.40142
1.58216
2.2892
3.04485
3.04688
2.51002
3.13283
1.26905
3.22998
3.21292
3.16423
2.15964
2.63383
2.52618
1.26206
2.1538
3.07405
2.71483
3.10946
1.91649
1.88459
1.57254
2.01686
3.22244
2.71797
1.24359
1.36359
2.61114
2.06228
1.92366
3.19987
2.69108
3.07736
1.15404
2.34346
2.74501
2.03018
0.99177
3.14795
2.95819
2.5624
3.0584
2.34793
3.14588
3.20553
3.19894
3.07211
2.46578
2.60476
1.06525
1.83823
3.05422
2.77339
2.85184
2.57939
2.64672
1.49717
2.04345
2.82129
2.91827
3.09139
3.21608
1.68013
3.11272
3.18721
2.99842
1.82923
2.22724
1.14646
1.84805
1.37282
2.62074
3.12927
3.2208
1.04496
2.30845
1.59153
2.96953
0.979914
1.84058
3.22911
1.1976
2.8487
2.84755
2.08847
2.71085
2.96261
2.6331
3.02387
2.33826
1.18519
1.7176
2.5614
3.1855
2.95723
2.87223
1.2221
2.90682
2.67211
3.05824
1.89869
2.16277
2.16077
1.97518
2.12171
2.04245
1.28396
3.03602
2.93445
3.19875
3.04197
2.88293
2.93082
2.7518
3.20563
2.161
2.41265
1.96659
1.34802
2.77796
2.08653
2.7069
2.8597
2.74558
1.57607
2.10395
2.36611
2.48149
2.97602
2.00963
2.70199
2.06236
2.93665
3.03824
2.60226
2.85561
3.21344
2.42614
2.39654
2.75904
3.01683
2.72062
3.2158
1.22253
1.59976
2.43108
2.3557
3.00047
2.62344
2.45034
2.77522
1.63181
2.04854
1.78034
2.87836
3.19463
2.87275
2.84805
2.75912
2.23772
1.07276
1.85631
2.25219
2.578
2.89435
1.87986
1.7103
2.98391
3.06388
2.22317
2.23122
1.02651
2.68595
2.33082
1.95874
1.81258
2.42465
2.94819
2.4251
2.11632
3.03468
1.97287
2.82072
1.27806
2.22725
2.97258
2.97431
2.34521
2.6918
2.48065
2.18221
1.80708
3.11371
2.72934
3.17453
3.06465
2.976
2.65727
2.76082
3.04984
2.42928
3.08381
3.07978
1.07663
2.96837
2.32662
3.17239
1.94784
2.7879
1.60993
3.15965
3.01867
1.79677
3.10868
1.45
2.44623
2.87881
2.38247
1.32088
1.90516
2.81712
3.1256
3.05404
2.20458
1.10515
2.96914
3.0584
3.16989
2.34023
1.79565
2.92166
2.72333
2.77624
2.83619
1.80394
3.07272
2.88714
2.14784
1.91232
1.41665
1.95723
1.90934
2.67422
2.56618
3.11232
2.66824
3.20234
0.970537
1.8653
1.4071
2.30156
1.91241
2.99105
0.995124
3.1194
3.08039
2.81759
2.89877
2.63462
2.66707
2.47885
1.02512
2.63541
2.93529
2.16265
2.05153
3.14678
1.77901
2.50904
2.67215
2.84602
2.09947
1.98698
2.86837
2.10301
2.28863
1.32272
2.64962
3.16208
1.1935
2.623
3.00108
1.74034
2.49389
3.09822
2.43482
3.20759
1.77335
2.64393
2.68984
2.19491
1.14924
2.99692
2.96545
2.76182
2.11935
3.22524
2.77703
3.1386
1.54993
3.14929
2.55407
2.18945
0.93106
2.83165
2.245
3.04101
2.31604
1.06458
1.29024
2.94669
2.96281
3.20351
2.73516
2.27555
1.94343
2.49981
2.8727
2.41533
2.11664
3.10623
2.19992
1.16655
2.54947
3.12769
2.02366
2.0911
2.87282
1.87864
2.55811
1.04914
3.07387
2.99144
2.3058
3.21609
1.87123
2.78155
2.56861
2.81495
2.67934
1.95912
3.18069
2.8472
1.64378
2.31773
2.72931
2.06681
3.08264
2.85548
1.9629
2.67274
3.01045
2.52315
2.44817
1.76008
2.88083
2.13737
2.1997
2.92799
2.21894
2.92971
1.68688
2.64653
3.16321
3.1522
1.71629
3.20114
3.1558
2.97984
3.04086
1.27428
2.32694
3.1961
3.1953
1.54622
1.35029
2.43838
3.09896
2.47206
3.20934
2.5194
3.12415
2.14285
2.06891
1.9426
3.17409
2.01022
2.95187
1.43928
3.21102
2.51125
2.70799
2.08841
2.58865
1.13604
2.59101
1.17544
3.05998
3.01825
1.84717
2.76481
1.99562
3.12709
2.96104
3.20167
2.80884
2.76775
2.83328
1.95806
2.17211
2.77448
2.20468
2.08888
1.34912
1.30747
2.2539
1.64595
1.08889
3.11288
3.08087
1.1972
2.5104
2.56283
2.98182
2.92441
2.66541
1.83218
2.27144
2.4263
3.08741
3.14863
2.87264
2.78067
3.15085
2.72868
1.05179
2.61246
1.90722
1.63882
2.57919
2.69879
2.00458
1.94618
2.55088
3.01232
2.78496
2.42109
3.06367
1.26579
1.8628
3.05516
2.5913
3.0058
3.11325
1.93554
2.49324
2.72804
2.10557
2.06803
2.40428
2.71924
2.50636
2.95296
2.30816
2.42371
1.20705
3.02216
3.01581
3.10692
2.6682
3.1591
1.36432
1.63919
2.41025
1.43065
2.48962
2.19778
2.09933
1.29523
2.94804
1.63785
2.95672
3.06002
2.09167
2.49631
2.99027
3.12427
2.79346
3.21107
1.01365
3.13005
2.45383
2.83707
1.39649
3.05458
2.75075
2.83423
1.37251
2.35954
3.04907
2.4609
2.24675
2.48193
2.6969
1.99487
1.43421
2.78151
1.76808
2.96697
3.22288
3.21034
2.91951
2.23969
2.3036
3.11776
2.24402
2.68254
3.12835
1.03047
3.20112
2.48387
2.69754
2.01697
1.51543
3.18906
3.04806
2.99321
3.19133
1.44869
1.98802
1.39066
2.82468
3.09365
2.16196
1.96284
1.86876
2.90756
1.94395
2.76578
1.97599
2.07637
1.14174
2.33422
2.99927
1.953
3.044
3.06881
2.87464
2.63457
2.95029
2.6641
2.57906
3.22099
2.04725
2.6191
3.10219
3.03619
2.14456
1.86278
3.06229
2.20326
3.22658
2.65789
2.0532
2.10702
2.68143
2.78496
2.6164
2.85799
3.08156
2.43295
2.6661
3.17013
2.41531
2.74159
1.86317
3.09548
3.22859
3.18866
3.11511
1.99216
1.04088
1.25497
2.77559
1.94227
2.93791
2.00443
3.14953
1.03019
2.88442
2.14717
2.91152
2.08287
2.84891
1.3921
1.00209
3.00435
2.97338
2.84438
2.63595
3.11049
2.56669
1.81111
2.0099
1.90557
2.84256
2.15609
2.89776
2.30266
3.20172
1.89476
2.63557
2.54665
2.09063
2.9727
1.56605
2.9539
2.35457
1.29471
2.92852
1.13815
2.87366
1.45229
2.21473
3.09144
2.10246
2.19005
2.6712
1.81215
1.06667
2.725
2.8828
2.41084
2.09457
3.07609
2.74464
3.02183
2.50364
3.02986
2.64886
1.21969
2.77852
1.8202
1.97509
1.78918
2.86519
1.16013
2.95283
2.54116
2.75984
1.98509
3.15861
2.77382
1.258
2.3469
2.86291
1.95435
2.5317
2.5878
3.15827
2.68166
2.75523
2.39428
2.3527
1.74309
2.97207
3.09272
3.20615
1.96314
2.55289
0.974552
1.88665
1.61257
1.95236
2.80436
2.87034
2.2263
2.85335
3.10207
2.59592
3.09423
2.08217
2.08815
1.61309
1.94941
3.00562
1.03844
3.16514
2.81967
1.93028
2.86964
2.78794
3.22842
3.03607
3.06057
3.05896
2.47861
2.99056
1.05726
2.2649
3.03415
2.90328
2.97036
2.25878
2.24073
1.08199
2.72332
3.09035
2.25796
2.70401
3.19425
2.46284
3.22546
2.45566
2.86755
2.51541
1.53275
2.1748
3.05856
2.77539
2.30574
2.05188
2.34669
3.00603
2.67429
3.06788
3.10677
1.61208
2.82984
2.05828
2.69728
1.40345
2.6472
3.00342
3.08223
2.14435
1.93705
2.09789
1.09741
2.99033
1.95959
2.93838
3.17801
3.16219
1.93633
2.35438
2.65858
2.2747
2.971
2.33012
2.04907
2.56963
3.09492
2.94775
3.1835
2.04087
2.36754
3.16451
2.2826
1.24104
3.09848
2.82153
3.03963
1.38344
3.03163
2.31451
2.34531
2.67566
3.09572
3.17563
2.27613
2.82503
2.54341
3.16906
3.19392
1.22878
2.83131
3.19256
2.13606
2.5807
3.05131
2.7426
2.52038
2.18349
2.19098
1.75588
3.02679
2.93395
3.16002
2.70559
2.18197
2.63625
2.93071
1.98794
2.9247
2.50963
2.61601
2.65142
3.07974
1.82335
3.19502
2.66865
3.10985
2.76532
1.55641
3.11079
1.56016
2.01163
2.33312
2.98547
2.09258
1.84346
3.08972
3.05592
2.13855
3.17749
1.15869
1.22923
2.6283
3.00618
2.90735
3.04739
2.39085
1.21134
1.91721
2.42824
2.52818
2.62216
3.15386
1.26407
1.97826
3.02194
2.51928
1.12422
3.01692
2.47013
2.54395
2.69717
2.44519
2.18011
2.62019
3.2242
1.99196
1.99754
2.95918
2.6526
2.97677
2.58617
1.32128
2.87494
2.72168
3.12909
3.10745
2.72465
2.92274
1.9744
3.13075
2.12915
2.29428
2.65872
1.80997
2.03108
2.93127
2.38881
2.93052
2.91772
2.48847
2.34314
2.83546
1.21269
2.97534
2.55111
3.0599
2.88262
3.02693
2.17023
3.07925
1.91678
3.10453
2.22833
1.14963
1.6935
2.97844
3.00403
2.77567
2.79205
2.65964
2.6735
3.16583
2.44643
2.62856
3.10134
2.73016
3.05267
3.20705
2.34433
2.54441
2.84915
2.96993
2.88666
2.0298
3.21706
3.17611
3.18175
0.926153
2.79424
2.85259
2.35353
2.31883
1.80321
1.76559
1.46673
2.31945
3.15017
2.13892
2.69445
2.00733
3.14314
2.3884
2.42487
1.60845
2.75405
2.52026
2.92348
1.84982
2.96027
3.03147
2.70179
1.88507
2.57668
3.178
3.08955
2.05303
2.60695
2.75022
3.01017
3.08482
2.65496
3.0719
2.63477
2.97361
2.89618
2.06205
0.970894
2.91908
2.86455
1.30688
2.18286
2.78391
2.14296
1.16339
2.89285
1.72392
1.2071
1.39394
2.86364
1.57299
2.22924
2.92953
1.80756
2.16797
2.46377
2.90237
1.71305
1.31774
2.13332
2.19299
1.11864
2.73627
2.45118
2.25197
1.73186
2.1223
2.2433
2.25253
1.8369
1.89781
1.32649
1.06084
3.10696
2.24378
2.4954
3.07297
3.09752
1.88651
2.89262
2.04051
1.03623
2.94203
1.28984
1.96643
2.72665
2.95104
2.99051
2.26286
3.12749
1.46052
3.01859
2.08165
1.41212
2.15385
2.94103
2.75189
2.97135
3.07576
2.61989
2.877
2.75363
1.99654
1.5567
2.52474
2.01434
2.52419
2.33053
2.49582
2.27684
3.10358
2.66098
3.11048
2.78063
2.51547
1.85404
1.30443
3.08726
2.99441
1.24927
2.27482
2.36181
1.88641
2.16203
2.9178
2.96066
2.9199
2.97474
1.54092
2.89787
1.81969
2.91614
1.16069
2.15335
2.86736
2.99374
2.52234
1.81139
3.21662
2.98431
2.64312
2.25761
2.31006
2.53714
2.31725
2.0195
2.29093
2.46051
2.40066
1.92606
3.10138
3.16394
3.10619
1.28789
3.16595
2.42195
1.30652
2.68723
2.2315
1.51188
2.99391
2.93766
3.12343
1.49752
2.20865
1.94601
2.81307
1.82764
2.99592
3.04738
1.7256
2.97287
2.32298
3.02659
2.58027
2.09148
2.97226
1.53944
2.45734
1.93825
2.88964
2.46855
2.2058
1.07837
2.70531
3.00813
2.67476
2.048
2.59585
2.21069
2.77499
3.19796
2.83428
2.4314
2.39405
2.7861
1.01938
2.80942
1.56681
2.94057
1.56157
2.40521
3.21413
3.02788
1.96493
2.76643
1.72543
1.136
1.73036
2.3377
3.18679
1.54462
2.94936
2.72984
2.81835
1.88942
0.974427
3.14581
3.08658
2.10946
1.44034
3.16357
2.8525
2.75318
1.84416
3.14467
1.26134
1.32202
3.07875
1.71824
3.10599
1.47796
2.22479
2.67401
2.93946
3.04923
2.67256
2.29874
2.53672
1.1997
2.52204
2.64139
2.45712
2.95958
1.41685
3.18742
2.26033
2.29124
2.09322
2.42002
2.49217
2.90644
2.72399
2.72435
1.82142
2.01836
3.0632
2.70358
2.49208
2.91168
1.99837
2.01846
1.29766
2.5743
2.27685
2.8388
1.87625
1.21628
2.80051
2.44482
3.19746
2.79269
2.65732
2.62221
2.70222
2.97363
0.993403
2.62135
2.72032
1.95434
3.09509
2.89093
2.87357
3.16884
1.86105
2.45527
1.41566
2.57269
2.19441
3.13331
1.72553
3.14822
3.01394
3.12424
1.34208
2.04761
3.17329
2.42293
2.75681
1.1384
2.20655
2.81257
1.97675
3.16404
3.0365
1.10907
2.86315
2.00408
2.62304
2.52543
1.27416
2.84638
2.95018
2.86658
1.04116
2.16644
3.00771
2.1709
3.01628
1.34985
3.17906
3.0591
3.14629
2.00942
2.41692
3.224
2.73495
2.78847
2.58393
2.84846
2.74877
2.30648
2.81625
2.43123
1.82531
3.12931
2.94934
2.67761
2.73324
3.02205
2.81036
2.326
2.3606
3.08996
1.41999
2.5214
2.0751
2.38957
2.91006
1.93423
2.19101
1.99232
2.06478
2.76633
3.04541
2.718
2.82645
2.36273
2.41323
1.65308
2.96136
1.75639
1.71357
2.92966
2.56916
1.14945
2.0528
3.06942
2.54374
1.35317
1.26181
2.16322
2.82675
2.99568
2.93239
1.55258
2.6226
2.8
3.14741
2.20545
2.44187
1.74289
2.15293
0.973367
2.85545
2.31449
2.85139
2.90319
1.90414
2.59264
2.26133
2.00109
2.99378
3.13797
2.7951
2.82233
2.99698
1.95254
2.94736
3.09266
2.16656
2.50707
3.17886
2.8895
1.07146
2.77389
1.7761
2.46704
2.33314
2.70798
2.01455
2.04502
2.80653
2.05167
1.14689
3.10013
2.76107
2.67766
2.66558
2.5799
3.06682
1.56561
2.41258
2.09609
1.98782
2.32073
1.29073
3.14049
3.06541
3.19835
2.96211
2.19162
2.64867
2.75965
1.21871
1.04431
1.16115
3.01375
1.76937
2.34141
2.48146
1.70166
2.84454
2.77373
3.06841
2.38726
2.33294
1.78651
1.08246
2.27931
2.14374
0.99199
2.40339
2.81976
2.42829
3.02633
2.90903
2.03685
2.98828
2.82453
2.61824
3.22152
1.61228
2.16077
2.62051
1.14918
2.1122
2.16962
2.89561
1.87526
2.89598
2.32868
1.24949
2.66394
2.92061
2.20686
3.07312
1.66658
2.60791
2.27866
2.82034
2.34325
2.21759
1.92129
2.70665
1.44743
2.68613
2.69422
2.88403
3.01306
2.98285
1.12466
3.15803
2.7401
2.71316
2.3497
2.71532
1.65209
3.20148
2.39061
2.60652
2.53478
1.97118
3.12558
2.46985
3.09804
3.22234
1.12554
2.0472
1.08219
2.3508
2.06743
2.1108
3.08122
3.13816
2.6135
2.50591
2.73217
1.38482
2.55189
3.19427
2.8214
2.119
1.91861
1.92946
2.38601
3.18041
2.35433
2.20142
2.18247
2.56829
2.06543
2.94833
3.1345
2.73019
2.81881
2.42707
2.42294
2.42463
3.07913
2.53891
2.17847
2.81808
3.08998
1.68277
3.01226
3.0982
2.37101
3.18694
2.28786
2.02444
2.78878
1.30877
3.07437
2.87637
3.00314
2.6124
1.14434
3.03072
2.52458
2.83701
2.77772
2.93803
3.09946
1.59112
2.89207
2.6477
2.06614
2.12001
3.0992
2.95733
2.82794
3.11001
2.66577
3.05565
2.3003
2.59015
2.94004
2.61396
2.88571
2.37554
2.44345
3.19826
1.44318
3.19833
2.68979
2.31684
2.59678
2.87729
2.66762
2.61968
1.87221
3.11626
2.14253
3.16948
2.37924
1.14514
1.71022
1.21816
2.98403
3.17351
2.56159
2.66459
3.16333
3.03704
1.87869
2.44959
3.12991
2.70969
3.10485
2.51803
1.58038
2.58735
1.42252
3.10719
3.10056
2.49337
2.76773
2.53734
3.06284
2.59706
3.0583
3.21944
2.47859
2.64422
2.16089
2.92719
2.07894
3.10233
1.80233
2.32508
2.41567
2.67564
2.38954
2.5742
1.56679
2.59442
2.77205
0.976376
2.73911
2.74054
1.9973
2.8266
2.91573
2.21499
2.54267
3.09068
2.26324
2.26194
1.74088
3.11951
1.40973
1.85953
2.32847
1.90264
2.7646
1.91356
2.55114
1.823
1.0897
2.12597
1.84652
2.7429
3.20428
1.37255
2.32251
2.16471
2.98299
3.00652
2.76113
2.93273
2.31702
2.81999
2.14204
3.07362
2.85736
2.0281
3.04921
2.69957
0.953569
3.00951
2.21345
2.25691
1.91346
2.35971
2.82498
2.74599
1.18675
3.05261
1.18168
1.99809
1.99046
2.88492
3.02592
2.59531
2.91371
3.04509
1.02604
1.45335
2.27415
1.78739
2.2803
2.96817
2.74143
1.25147
2.34628
2.9039
3.01424
1.93426
2.94803
2.75911
2.83819
3.06105
2.69326
3.1055
2.77968
2.74811
2.4604
2.42095
2.85025
2.53935
1.85413
2.96152
2.21157
2.61437
1.99334
1.09517
2.13037
1.18823
3.22022
3.00053
1.13803
1.08235
1.69299
2.18337
2.07218
2.7402
2.23974
1.17451
2.97755
2.91284
1.73642
2.87557
2.3458
1.71775
2.90813
2.82421
2.40802
2.56101
2.27716
3.01192
1.12163
1.5101
1.56251
3.1764
1.35699
2.69225
2.02106
3.11193
1.75896
1.70821
2.10899
3.14289
3.14175
1.34147
2.49614
2.78078
2.4993
2.81683
2.2784
1.62785
2.48689
0.95264
2.36346
3.20516
3.17823
1.1944
3.19316
2.82234
3.21825
3.20299
2.96881
2.28917
2.56467
1.93073
1.90126
3.1076
3.02755
2.65953
2.90759
2.94206
2.86095
0.995148
3.16041
2.26925
2.5891
2.24656
1.78192
2.7657
2.5161
1.80945
3.01025
2.98736
3.08632
3.18324
3.13365
1.75178
2.80837
3.04988
2.25022
3.11862
3.02285
2.30491
1.72448
2.90978
2.34852
3.17196
2.19448
2.48552
2.52694
1.5288
2.61451
3.20487
2.71783
2.27799
1.71112
2.83568
2.50818
2.18794
2.64
2.94018
1.00006
2.29644
1.3286
2.94612
3.20063
2.64256
2.08782
3.19727
2.64317
2.97289
3.07411
3.03362
2.51162
3.1977
2.94238
3.11321
2.59554
2.44549
2.38291
2.38113
1.8604
3.11858
0.986146
1.13411
3.05575
2.93895
3.02732
3.09277
1.11058
1.75952
2.83766
2.8514
2.16252
2.45473
1.38231
2.53567
2.21555
1.56217
2.50896
2.39744
1.69919
1.87888
2.16836
2.54224
2.7962
3.16424
2.18894
1.89047
3.15482
3.04401
2.20358
1.21034
3.17934
2.86538
2.68973
1.80353
3.09385
1.56883
2.63977
2.79638
2.47249
3.08081
3.18841
2.81771
2.44622
2.69809
1.92981
3.13844
2.92171
1.89988
1.78599
2.15294
2.84747
2.14505
1.00461
1.42822
1.60836
2.10528
3.14517
1.6533
2.92842
2.87799
2.61629
3.13853
1.9971
3.01739
1.39835
2.14707
2.14829
2.5374
2.37401
2.05281
2.514
2.94105
2.87535
1.06271
1.13756
2.02014
2.52428
2.91874
2.73235
1.79629
2.30373
3.03169
2.20397
2.18478
2.78064
0.964235
3.16398
2.30993
2.29798
3.0087
2.16991
3.22245
2.67038
2.4317
2.69488
2.81344
2.67946
2.44044
3.21463
2.97671
3.02474
3.18701
2.71903
2.68184
2.14841
1.12105
1.21451
3.15926
2.89326
2.85295
0.974126
2.82752
3.02588
2.95344
3.16058
1.90509
2.69527
1.7497
2.32584
1.87695
2.26883
2.42933
2.84591
3.22889
1.23212
3.05853
1.78896
3.14761
1.21712
1.30353
2.97654
2.94698
1.17937
2.42905
2.98111
1.36692
2.2331
2.29102
1.89495
3.14233
3.14449
2.28948
1.53292
3.21918
2.37572
2.1563
1.92472
2.10629
1.98804
2.85541
2.59967
2.35331
2.86073
2.89145
2.68325
0.979594
3.18249
3.16298
1.96415
2.36259
2.95264
2.10408
3.08803
1.76911
2.04737
2.85627
1.9941
3.0573
2.11133
1.71671
2.36455
2.90561
2.82166
1.90445
3.16786
2.74518
2.10518
2.77135
1.53043
2.46976
2.17722
2.47488
1.40982
3.21932
3.11044
3.23066
3.12684
2.74758
1.86563
1.38712
2.72902
2.68915
1.81514
1.0909
3.07529
2.98741
2.73356
2.93852
2.15332
1.03493
1.98891
1.74298
1.92431
3.06918
1.79355
2.28604
1.17562
2.09181
2.70921
2.9101
2.73124
2.23513
2.24468
1.12529
1.13797
2.03473
2.57223
2.81562
2.58016
1.75516
1.93085
3.23021
2.78338
1.753
2.84947
2.63304
3.03341
2.73348
2.44184
1.73829
2.33896
2.03481
2.8352
2.54945
2.69397
2.29964
3.03593
2.83346
2.86834
3.15196
3.18574
2.30994
2.17552
2.6382
2.82229
3.18075
2.27872
1.98424
2.8802
1.99578
2.72936
2.48821
2.63267
2.13983
2.27526
1.5544
3.04888
2.10417
2.41056
3.22486
3.18449
3.15979
2.7147
2.63278
3.12015
2.95353
1.97927
3.01234
2.79406
1.44142
3.22718
2.05436
3.1256
2.69565
2.33251
3.17595
2.86564
2.37534
3.08913
2.7593
1.25123
2.83933
1.80005
2.58586
2.36819
3.00151
2.13931
1.69514
2.03693
2.64593
2.98515
2.9808
3.01467
2.48312
2.67736
2.95138
3.15556
2.57128
1.94898
3.22866
2.39094
2.25707
2.47268
3.09046
3.03845
1.39781
2.46021
1.96199
2.91569
2.77577
1.17591
1.97904
2.51192
1.78262
2.33346
2.92172
2.86591
2.25465
3.23005
3.12183
3.13808
3.10374
2.79628
2.72952
2.55052
1.13862
2.89288
2.74553
3.14852
2.83572
1.97743
2.97848
1.65804
2.94735
2.29024
2.19011
3.0437
2.41485
2.9808
2.47408
2.87298
2.52131
2.01633
2.88792
3.14291
3.15872
3.18235
1.46613
2.89817
1.83153
2.58605
1.61384
3.13198
1.65711
3.15187
2.4155
2.49099
1.94604
2.28731
2.68162
2.39631
1.81585
1.98127
2.54959
2.19358
3.22551
1.00547
2.10771
2.95313
1.99741
2.14359
2.94197
1.87868
2.96591
2.10174
2.26456
2.2346
2.65629
3.1258
2.67569
1.11833
2.86158
2.65137
2.74807
2.53941
2.50001
2.5107
2.66615
3.1765
2.07503
2.81924
3.21458
2.97877
3.06145
1.61241
1.86304
2.82503
1.20983
1.9257
2.06503
3.17004
2.20804
3.07721
1.93948
2.94423
2.5384
2.04529
2.26733
2.23407
2.29009
1.91396
3.22185
3.01729
3.19363
2.76137
2.53741
2.77861
1.68885
2.31577
1.54276
2.11396
2.72394
3.09425
2.31471
2.14124
3.19228
3.15714
2.56794
2.7134
3.00423
1.89412
2.86241
2.91073
1.04141
2.9608
2.90835
2.3636
2.11154
2.69069
2.82467
3.16279
1.71069
2.00595
1.85233
1.03517
3.00264
3.02857
2.0678
1.98939
2.56161
2.12552
2.70746
1.99146
3.10589
1.99777
3.0072
2.6342
3.12116
3.06394
3.22569
1.19806
2.84795
3.01354
2.95935
1.15351
1.60598
3.15729
2.90692
2.28372
3.01813
2.32154
1.9446
2.66379
2.97139
2.96282
3.08204
1.10436
2.32048
2.17618
2.41388
2.3384
2.38096
1.16593
1.08273
1.28297
2.90282
2.84959
2.97691
3.09221
2.91077
2.34966
2.60094
2.00572
2.94938
2.168
3.0271
2.24655
2.95837
1.21116
1.05455
3.18877
2.43639
1.85443
2.49803
1.75732
2.14583
2.74788
1.51396
2.27545
1.84673
2.66824
3.16895
2.82011
2.663
1.9358
1.26103
1.12811
2.34034
2.9691
3.21974
3.02899
2.7333
3.01495
1.94792
2.97013
2.08815
2.61038
2.84858
2.66429
1.95839
2.61113
3.01868
1.43546
2.32477
2.91262
2.98849
3.08283
2.0501
2.85629
2.23131
2.02933
2.61914
1.34873
2.34512
2.17638
2.83785
2.66417
3.04604
1.5441
1.64642
2.24187
1.69172
2.97253
2.97609
2.27913
2.92137
2.9622
1.04145
2.23221
1.78225
1.6646
3.05185
3.19021
2.68915
2.16022
2.66926
3.19343
2.88191
3.15144
1.1794
1.83313
3.04582
2.4394
2.95517
1.61619
3.19747
2.92847
2.33062
2.90472
3.20123
1.80703
2.76265
1.97559
1.88713
3.2185
2.68402
3.14102
2.9618
2.3991
2.4275
1.96417
2.32243
3.19182
2.14093
2.78998
1.50367
2.31054
3.19404
1.91766
3.22424
1.0912
2.04357
2.19305
3.15172
3.0989
2.85544
3.10095
3.09968
2.73145
0.999479
2.08133
2.9302
3.09136
1.05986
2.85679
2.40169
2.11303
1.09776
1.29759
3.16767
3.00542
1.3585
3.18286
2.11661
3.07781
2.782
2.92091
2.72252
2.95289
2.364
1.08482
2.80554
3.05616
2.74752
2.37835
2.90002
3.16545
3.0992
0.962154
2.32023
3.07177
2.63672
1.81649
2.33452
2.93377
2.94825
2.06891
1.00879
1.48678
2.65339
2.68153
2.1666
2.80064
2.20193
1.84254
1.94243
2.52754
2.96576
2.29935
1.76916
1.35874
2.02976
2.57995
2.29777
1.84309
3.04367
3.19203
2.91213
1.34949
2.29174
2.15917
1.0529
2.61049
3.22349
1.06095
2.85482
1.1892
1.49187
2.8104
2.544
2.73089
2.1736
2.96647
2.67161
2.45155
2.02771
2.20769
2.14785
1.91392
1.92899
1.10984
2.31054
2.18942
3.17689
2.12156
2.2535
2.76624
2.71279
2.73964
1.00376
2.89145
1.91982
3.02087
2.15951
2.64323
3.07987
3.01862
3.05139
2.91123
1.31086
2.08519
2.88797
2.77731
2.08284
2.32381
2.78344
2.69389
2.80543
1.40584
3.20146
2.66811
2.35637
2.80185
3.12759
2.50803
3.21779
2.27685
2.18104
1.95638
1.97409
1.7759
1.11857
3.17587
2.77718
2.76742
2.01378
2.99419
3.04682
3.15718
3.07316
1.24283
1.29091
3.00439
1.07913
2.38099
1.90079
3.17814
2.7428
2.49593
1.89694
2.07513
3.13206
3.0509
2.99529
2.08148
2.63658
2.94064
2.27025
3.07074
1.20316
2.90317
1.94332
2.74941
2.47724
2.22673
2.80966
2.7881
3.19083
1.90804
2.63043
3.1313
1.58894
2.53165
2.93477
2.9641
2.99373
3.05547
2.17348
3.00165
3.20224
2.79266
2.60622
0.966115
1.86628
2.89701
3.15042
3.01946
2.60381
3.21885
3.18508
3.21072
1.80244
2.87942
2.16399
2.59384
3.06511
1.20321
2.44113
2.99856
1.19697
2.38512
2.14547
1.16532
3.20301
2.31975
2.34006
2.31684
3.1828
2.23947
2.89977
2.60651
2.23943
2.76391
2.82587
2.52703
3.12897
2.82727
3.2016
2.54258
2.77144
1.95988
2.97799
2.89361
2.92699
1.90121
2.64691
1.28917
2.34883
2.86269
2.67741
3.09311
2.76344
1.976
2.27116
2.21579
3.09893
2.4248
2.76651
2.18425
2.09774
2.73092
2.95291
1.20461
3.11619
2.54094
3.03796
2.55808
2.30112
3.0505
2.5453
1.05298
2.69332
2.88004
2.6882
3.08326
2.70936
2.12213
3.11971
3.22475
2.8118
1.55041
2.98907
2.61362
2.41408
3.10535
3.11512
1.39927
3.15387
2.23009
3.0427
1.53579
1.76029
3.16819
2.84025
2.93711
3.0644
2.47644
2.65339
1.77406
1.6687
2.23213
2.67215
2.1136
2.90947
3.15438
1.04829
1.93247
2.694
2.16357
3.12907
2.68689
2.89759
3.22771
3.01915
2.82854
3.02157
2.54575
2.08359
3.06078
2.08139
1.91992
2.85158
2.96923
2.80408
3.21032
3.18463
1.04092
2.87422
1.71551
3.21615
2.13502
1.47389
3.10264
1.98347
2.69088
1.71497
2.51463
1.63105
1.87109
2.3354
2.32634
2.76142
2.66588
2.76758
2.33098
2.81573
0.991365
1.79683
2.85139
2.09272
2.98583
3.06775
3.16412
2.36229
3.01708
2.6174
2.67964
2.79924
3.01267
1.95186
2.75637
1.34444
2.57094
2.15569
2.08568
2.52678
1.79748
2.82131
2.09429
2.92777
2.65231
1.05298
1.45214
2.76475
2.62468
1.47078
2.02806
2.9533
3.18222
1.24223
2.50266
2.50184
1.26915
2.9201
1.62036
2.48646
2.75974
2.90171
2.19272
3.01326
2.15223
1.82825
2.27119
3.10112
2.41592
3.2155
1.54459
2.7869
2.91356
1.70205
2.92613
1.39874
2.32636
2.44953
2.53456
2.9388
1.59906
3.07777
2.99447
2.16776
1.98992
3.04652
1.88876
1.10577
2.33385
3.20656
2.98153
3.11775
2.22413
3.08655
2.24821
3.227
2.84469
2.85815
2.78513
3.0073
3.00501
2.46611
3.0809
3.20701
3.14488
2.09337
2.92859
3.17224
2.96915
3.06399
1.94799
2.92156
2.48091
2.84691
3.10672
2.30882
3.06945
2.29343
2.3838
2.32167
2.82223
3.15624
2.62251
3.16908
2.03798
2.15457
2.79218
2.59171
2.93222
2.56163
2.22238
1.48219
1.98215
3.18752
2.95268
3.11678
2.01102
1.61699
1.80003
2.03272
2.89244
2.28612
3.03591
2.43673
1.16048
2.69302
2.72594
2.12349
1.2241
2.99882
3.07218
2.94456
1.83845
2.79498
2.59044
1.93259
1.74104
3.04384
2.85573
2.1726
2.19275
2.44742
1.07372
2.79792
1.47708
2.12229
1.18728
1.59743
2.77306
3.02875
2.07106
3.0268
2.22788
2.04981
2.03059
2.97849
3.09868
1.74535
2.79226
3.1613
3.15313
1.71436
3.09216
2.21136
2.68646
2.99924
3.01237
2.78769
1.11016
2.68288
2.71241
2.88112
2.30849
3.02884
2.09942
2.78063
2.12163
2.93999
2.67311
1.45015
2.0366
2.97676
3.20718
2.81783
3.11809
2.19589
2.46074
3.10346
2.46789
2.81425
3.14269
2.98564
2.09929
1.74536
2.69544
2.66496
2.34514
3.0879
2.23765
1.50057
1.90958
3.12062
2.20743
2.88751
3.04985
2.24402
2.4867
3.01331
2.37671
2.58541
2.2574
2.9261
2.64974
2.10594
1.09219
2.50164
2.6467
2.8758
2.99394
2.4681
2.49257
3.05934
1.484
1.58379
2.78928
3.20489
1.18297
3.15768
2.99528
2.90638
3.14582
3.01977
2.97912
2.73095
2.63743
2.42424
3.07299
3.12751
3.04894
1.10813
2.34186
2.35167
2.07864
1.94073
2.503
2.7912
2.93969
3.11591
2.34096
1.70779
2.48916
3.1645
1.10167
2.02015
3.0041
1.49523
3.04134
2.19323
3.11476
2.74093
3.00675
2.51035
1.94423
2.17479
2.72194
3.15576
2.5639
1.04282
2.5763
3.14146
3.19432
2.53926
2.53159
3.19395
1.27774
1.11006
2.08932
3.1963
2.94263
2.30353
3.09289
2.08725
2.53615
2.30592
2.69284
3.07691
3.00069
2.83568
1.71529
3.21341
2.46119
1.09294
2.03735
3.06717
1.54244
2.57843
3.19609
2.36972
2.42359
2.7272
2.85814
2.21126
2.95189
3.10724
2.31259
2.8106
2.45987
3.00367
1.62991
3.04529
2.81339
1.1629
3.11193
3.14159
2.88839
3.20324
1.15572
1.99879
1.7208
2.48367
3.07223
2.8512
1.64172
2.91817
2.42927
2.63948
2.81036
2.50988
2.67555
2.92207
2.23693
1.13644
2.29993
2.98989
3.19207
2.96452
2.7256
2.21273
2.40089
2.72257
3.19198
2.447
3.23031
2.96609
2.33782
2.57236
2.50283
3.16516
1.64
3.15849
2.67466
3.14041
3.1931
2.44333
2.36495
2.38373
3.2106
2.0802
1.99177
3.01575
2.36031
2.14183
2.75651
1.75414
3.15227
2.75222
1.46879
0.999117
2.77728
2.83495
2.63048
1.06018
2.07332
2.91001
2.44225
2.22798
2.73622
3.01746
2.99293
2.0594
3.18293
1.33278
3.17513
1.62521
2.31862
2.09529
2.92228
1.77152
3.20701
1.29201
3.08203
1.8643
1.25902
2.24051
2.48066
3.13186
2.69153
1.39623
2.29952
2.65751
2.07042
2.64638
1.29984
3.06188
2.97752
3.12111
2.20461
2.27704
2.99351
3.07732
2.56546
2.08967
1.95566
2.20893
2.89688
2.93109
2.83861
3.06892
2.85375
2.4627
3.03211
3.10411
2.65438
3.19304
2.88696
2.31668
2.36398
2.52874
1.93614
2.32636
2.42165
1.86528
0.933631
2.9984
2.32206
2.23283
3.13612
3.09085
2.15237
3.07338
2.50159
1.97191
1.27477
3.19456
3.10487
2.45635
1.25532
1.74375
2.34263
3.11851
3.13137
1.11907
3.0439
1.51752
1.67559
2.88611
2.21955
1.64776
2.78454
2.33872
3.19566
2.64715
2.30303
2.68663
2.46327
3.21221
2.12869
3.01264
1.23696
1.98857
1.04187
2.88098
2.49025
2.81812
1.78826
1.08697
2.62902
3.22534
2.56131
3.05602
2.4011
1.87816
2.43943
2.58076
3.09152
1.01283
3.02003
1.82658
2.16556
2.64746
2.37764
2.52687
3.22855
3.00163
2.08529
2.77326
3.22519
2.21652
1.73562
1.55223
3.12948
1.99353
2.87369
3.11295
1.63525
1.96082
2.63711
2.73668
2.27262
2.34475
1.89184
2.88547
2.41528
3.03382
2.67649
1.95284
2.46091
3.2084
3.03183
3.22547
3.21777
2.8061
1.6022
1.13739
1.9025
2.86961
2.1002
1.41399
2.97687
2.83256
3.08407
2.56808
3.19113
2.5228
2.60206
1.51987
2.16212
3.07557
2.22396
1.70974
2.75403
2.56962
0.986296
2.64822
2.49004
2.86274
3.03355
2.54587
3.06294
2.67984
3.04135
1.40354
2.32958
2.16421
2.0142
3.05709
2.70347
3.09419
2.38813
2.54744
1.06475
2.30417
2.23269
3.14273
2.1084
2.86786
2.45729
1.30273
2.89874
2.75222
2.22314
2.76973
3.0823
2.02618
2.15492
3.17628
1.93629
1.97754
2.4363
1.88503
1.86976
3.01994
3.20466
2.10646
1.68696
2.01373
1.12467
2.96319
2.23422
1.02099
2.37171
2.60445
1.62181
2.58487
2.74654
2.13345
1.53963
3.22254
3.12167
3.15956
2.36044
2.34223
3.2187
1.68932
2.74312
2.91211
2.59113
2.14575
1.17549
2.87997
2.21149
3.05348
3.21219
1.6412
2.60599
2.19126
2.97708
2.74724
2.69666
2.378
3.07006
2.63507
2.01022
2.91401
2.97617
2.05794
2.11417
1.70913
2.7643
2.79308
1.42228
1.7371
1.2206
1.70423
2.0603
2.28871
2.96215
2.69879
2.20116
2.33269
1.97521
2.13387
2.20257
2.65885
1.91458
2.78129
2.47053
2.58456
2.99006
3.08914
2.1632
2.35965
2.42723
2.55285
3.22674
1.34074
2.83111
2.92994
3.04318
2.3709
1.89729
3.06906
3.00897
3.05954
1.37252
2.73906
2.45487
3.15639
2.83761
2.58915
3.16284
1.28186
2.9769
2.569
3.06834
3.21072
2.22786
2.52219
2.70671
1.79818
3.04879
2.26132
1.74673
2.06183
2.63428
1.53749
2.95307
1.52603
3.06408
2.04804
1.09435
2.67539
1.86715
1.28675
2.56644
2.27586
2.90573
2.8368
3.06408
2.99686
1.66877
1.12447
3.04686
1.87317
1.32118
2.83022
2.19428
1.2354
1.98488
2.37811
3.0419
2.21145
3.18192
2.39509
1.02449
1.57301
3.10423
1.73666
2.0792
2.35277
3.08073
2.71715
2.8037
2.7898
2.59276
1.17399
1.31678
2.22112
1.98214
1.82211
2.73383
2.9965
2.6353
3.06965
1.69794
2.80985
2.24838
2.53726
2.80615
2.7934
1.94669
3.18664
2.89171
1.06155
2.73163
3.09226
1.25964
2.31012
2.92724
1.17681
2.76003
1.61207
2.0657
3.17022
3.15008
2.93285
3.05683
2.59288
3.07556
2.84612
2.62573
2.84284
1.91494
2.82861
3.21531
2.38366
1.18481
1.88212
2.966
2.01983
3.20708
1.17564
3.09052
1.1368
2.3046
2.545
2.99171
2.5607
2.32173
2.11108
2.62578
2.00104
2.4689
3.01825
1.27664
2.30281
2.39995
2.56492
2.1162
2.92669
2.22525
2.94345
3.17902
2.69472
3.20194
1.06834
2.50979
1.1324
3.0815
2.19215
2.77606
1.1649
2.9777
2.98262
2.16085
3.15632
1.85733
1.58193
3.01771
2.50122
2.45487
2.31414
3.13912
1.04728
2.46298
2.19848
2.46801
2.6508
1.73954
1.02813
2.73258
2.79067
2.78147
3.16513
2.41132
2.44427
1.35349
3.09954
1.88233
2.91837
1.61805
3.21854
2.19732
3.04155
2.90185
3.11584
2.72071
2.6592
2.7052
1.80861
1.81095
3.08417
2.1018
3.101
1.08014
3.12175
2.48228
3.22327
3.1271
3.20003
3.22707
3.06341
1.14185
2.16215
2.23669
2.62858
2.99374
2.26061
1.7597
1.91156
1.94995
3.03175
2.16888
2.57412
1.07371
2.12842
2.70325
3.12628
1.39711
3.16135
1.92426
2.82595
2.92648
2.4796
2.33324
3.10678
2.07347
1.11618
1.38222
1.96855
2.4688
2.69606
1.18341
3.08366
3.19877
2.32894
3.14632
2.39981
2.95802
2.96148
1.64224
2.75187
0.943688
2.20682
3.15477
3.1611
2.55095
2.98943
2.25659
2.81848
1.64806
2.46223
2.10471
2.76041
2.93798
1.61474
3.14938
1.28631
2.04828
2.96039
3.12155
2.73749
3.21817
3.03748
2.90823
2.91116
2.94365
2.05024
2.49071
3.12174
2.21805
3.02044
2.88665
2.8342
3.13212
2.91345
2.57309
2.47235
1.2806
2.12315
3.00934
3.15417
2.64711
2.92724
3.18983
3.03702
1.93116
1.92828
2.29818
2.66944
1.0168
2.4337
2.96394
3.00331
3.01981
2.31794
2.78449
0.99961
2.84695
2.07299
2.97539
3.09626
2.26702
3.12271
2.87886
1.98249
2.03322
2.22715
2.86803
3.11081
2.66527
2.2297
2.36875
2.66033
2.46887
1.25341
1.28016
3.19396
2.32028
3.16419
2.78849
2.91554
2.92097
3.08074
3.04105
3.08111
2.99832
2.14665
1.37982
1.87026
2.78607
3.0177
2.59251
1.06743
1.34303
1.08585
2.20596
2.98142
2.40411
2.29548
2.3653
2.23424
2.51824
2.19482
3.16
1.5375
3.03784
2.58327
2.93201
1.45575
2.156
1.41409
1.85918
2.72008
2.74925
3.02595
2.92686
3.2127
2.04363
2.58524
1.33131
2.33611
2.76344
2.17756
2.02662
2.85958
2.71284
3.12737
2.87859
2.46476
1.5029
2.45899
2.42194
1.91005
2.69289
2.12621
2.87923
2.73041
1.95632
2.12114
2.55377
2.45093
2.49209
3.04949
2.71851
2.3342
2.8237
1.71522
3.08539
3.12007
2.25977
1.78792
3.2194
3.21128
2.83238
2.04174
2.07185
2.90156
2.21564
3.05656
3.20791
2.81201
1.20127
3.06853
2.82604
2.53452
3.04407
1.04071
2.40682
3.10861
3.04997
3.06947
2.10043
1.80269
2.95083
2.08583
2.00082
2.61838
2.49258
1.08081
2.78884
2.81042
1.19259
2.64338
2.06704
3.1795
1.69203
1.46136
2.70786
2.39599
2.89856
2.00743
3.11133
2.34693
2.13095
3.10572
2.87823
1.37869
2.99148
1.97366
2.812
2.82316
2.68971
1.10111
3.2119
3.13599
3.02538
1.71682
3.03555
1.37229
1.06347
2.12735
3.21221
2.63538
3.07315
2.98574
3.07143
3.0159
2.28391
1.9381
2.43527
2.5564
1.19897
2.83842
1.65067
1.15171
2.52658
3.05767
3.0761
1.38686
2.77127
2.52123
1.98847
2.88
2.69312
3.22576
1.63976
2.65457
2.17731
1.79994
2.90963
3.09769
2.96946
1.64826
2.99377
3.10649
1.93341
1.43151
2.17058
2.58623
3.13278
1.95759
3.03447
2.91872
2.09621
1.30454
1.87312
2.72717
2.99097
2.69002
2.08255
3.19015
2.77511
2.64843
2.34934
2.46196
2.1315
1.41662
2.06079
1.9313
2.71639
1.78047
1.87862
2.93039
2.9567
3.03867
0.964484
2.1073
2.57197
3.14849
2.13694
2.30388
2.86625
1.92734
3.13476
1.28075
2.2057
3.12939
1.85783
3.19165
1.97781
3.12953
2.47601
1.60907
1.9518
2.86097
3.13759
3.00159
2.42207
3.21702
2.51698
2.395
2.00869
2.49375
2.79437
2.99071
2.37101
2.84069
3.1909
3.04781
2.13574
2.57457
2.79753
3.12728
2.5248
1.35954
1.16885
2.98893
2.51284
3.09638
2.8813
2.56325
3.14542
2.90982
2.15763
2.88067
2.95243
2.56356
2.41662
2.44983
2.55063
2.27205
1.56974
2.53652
2.50274
1.41905
2.66835
2.56188
2.98004
1.03514
2.51461
2.20576
3.21623
3.11723
1.28537
2.68592
2.10722
2.90788
3.20308
3.00348
1.85956
2.97345
3.16289
2.9011
2.1755
2.80619
2.99152
2.6363
2.84128
2.71454
2.1655
2.78113
3.17956
1.31522
2.56722
2.81753
2.14275
1.23287
2.95817
1.83599
2.84036
1.11384
1.25042
2.42985
2.82035
2.92047
2.23599
3.04693
2.41559
1.72524
2.96977
1.07781
1.1151
3.05193
2.48817
2.71044
2.75234
3.09738
1.06927
3.22651
3.05447
3.00345
2.87217
1.0114
2.25239
2.1487
1.23008
2.57089
2.41062
2.74103
2.21575
1.97684
2.92286
3.04944
2.24429
1.23875
2.49664
2.82526
2.42409
2.2776
2.08708
2.93873
1.58001
2.95427
2.08653
3.03654
3.15538
3.02137
2.42761
1.96645
2.55668
3.00295
1.71749
2.58098
2.52168
3.18642
2.18912
1.94701
2.83774
1.40424
1.48987
2.42478
3.21447
2.17233
1.80144
2.0262
1.14634
2.30667
2.82244
3.21395
3.15494
1.21731
2.62774
2.78996
1.22773
1.20714
2.66082
2.56885
1.95039
2.11085
2.80125
1.54596
3.05311
2.22889
2.59101
3.10985
2.81054
3.17235
1.90844
2.31976
2.87476
3.17923
3.05485
2.48927
1.56658
2.9012
2.38514
3.08751
1.22405
0.999495
3.21536
2.48278
2.03682
3.20339
2.29566
1.05803
1.53779
3.1579
1.54308
2.07429
2.76769
1.78116
2.01076
1.46027
3.11748
2.19131
2.74425
2.03933
2.35498
3.20629
2.08077
2.26625
2.15764
3.17445
1.20186
1.33453
2.84102
2.34661
3.19181
2.24447
2.05922
3.22193
3.17488
1.46186
3.16822
2.75472
1.36431
2.65031
2.56451
2.59141
2.95674
2.93963
3.07744
1.41185
2.98063
3.08082
2.94024
2.86508
3.1692
2.49575
2.30039
3.14647
1.22937
3.17012
1.56743
3.21712
1.73256
3.02826
2.88141
2.02344
1.3042
2.59725
2.0729
2.23025
2.35342
1.7716
3.20082
1.36866
2.80178
2.46992
2.16891
2.56276
2.85477
2.34683
2.82225
2.15328
2.39444
0.994754
1.11956
3.06997
1.15151
2.0525
3.22794
1.61321
2.95034
3.19665
3.02112
2.22763
1.32947
2.93225
2.61618
2.64098
2.60167
3.1394
3.18419
2.59299
2.54368
2.21118
2.04288
1.82923
3.13504
2.88764
3.09008
2.37249
2.96486
3.10186
3.07997
2.53924
2.80419
2.96231
2.73468
1.86406
3.14692
2.7397
2.38268
2.85488
2.84751
2.83893
1.1732
2.32657
3.11838
3.11434
2.93877
2.84672
1.79483
2.32148
2.14765
2.12207
2.58866
1.55239
2.25605
3.01287
2.703
2.1624
2.69901
2.84499
2.49678
3.06957
2.29208
2.8997
2.74871
1.47224
1.99307
3.16601
2.62966
2.87416
2.9286
2.79789
2.75244
2.52551
1.07738
2.72623
1.00672
1.97619
1.60248
2.22683
2.49864
2.68784
2.45817
2.04059
3.14022
2.78923
2.0113
1.78617
2.92655
2.89244
2.44758
2.76046
2.79163
1.95392
1.39807
2.41132
1.3179
2.3069
2.62658
3.11431
2.92976
2.5883
2.38315
2.93675
2.79351
1.92985
1.0819
2.20465
3.01642
3.01878
1.21395
1.20144
2.83813
3.00358
2.20712
2.94439
1.05576
2.85643
1.23809
2.66648
1.94161
2.9762
1.23882
3.07695
2.30497
0.95893
1.14848
2.97831
2.89939
2.25077
2.7244
2.1545
1.13262
2.8499
2.89753
2.8849
1.56303
2.92376
2.12327
2.39215
2.94928
2.78703
1.78814
2.32464
2.81548
2.0539
1.19121
3.21529
1.48805
2.53555
2.90484
2.90179
2.36415
2.09012
3.18262
2.62332
2.7184
3.10557
3.22906
1.86217
3.02706
2.65837
2.93242
2.27794
1.67164
3.11937
1.17719
1.69329
3.22736
2.66043
3.07306
3.0629
2.82026
3.18834
2.83667
1.43648
2.48546
2.25845
2.42187
3.11342
3.04386
1.73373
3.03634
1.8058
1.79799
1.96596
2.51684
2.24249
1.74829
2.21489
2.98525
2.84332
1.71696
2.58944
2.07923
2.65607
2.91094
1.00872
2.9315
2.38132
2.82903
3.05919
1.12354
2.25327
1.10299
1.77214
1.15629
2.11208
2.45561
2.62567
2.68163
2.89499
2.80556
3.10888
1.62304
2.30118
2.61177
2.68431
2.7406
1.87292
2.55435
2.73945
1.28827
3.0012
2.34564
1.9601
2.40056
2.35145
2.88409
2.30394
1.40993
2.96038
2.59745
2.66992
2.80237
1.0929
2.49541
1.52933
2.49604
2.01019
1.96787
1.78133
3.09146
1.36164
2.35177
2.67185
3.2236
3.02756
1.57617
3.07977
1.35634
3.14952
3.01131
2.86295
3.14812
2.71038
2.82189
2.87065
2.28297
2.59542
2.81675
1.81696
1.80417
2.09574
2.52141
2.1094
3.10027
2.98915
2.82418
2.56777
1.86061
2.44261
2.74586
3.10633
3.0733
3.17412
1.14441
0.996498
2.29634
2.23027
2.82223
2.16256
2.75441
2.88225
0.946525
2.97659
2.25848
2.83348
2.81059
2.97529
2.97299
1.29535
2.14842
3.14608
2.16452
2.70037
2.9734
2.30925
2.76869
1.36446
2.71802
2.86773
1.92293
2.29904
2.21361
2.34436
2.87595
3.21915
2.7639
1.98648
2.80356
1.8188
2.33611
1.47342
2.41969
2.298
2.20652
2.97807
3.22647
2.94467
3.12515
2.02909
1.32615
3.20959
2.10544
1.96043
3.18051
2.69013
1.87099
2.74496
2.54182
1.77571
2.63541
3.23012
1.6948
3.18809
3.18347
3.19279
3.17388
3.16974
2.5597
2.60123
2.20865
2.22558
2.38321
2.21028
2.45077
1.65373
2.79544
2.81356
2.74332
3.11439
2.30914
3.22296
2.09314
1.58966
3.21485
3.16432
1.33427
3.23109
2.83316
2.1335
2.81956
2.56383
1.07379
3.14102
3.14536
2.73338
2.41556
1.01345
2.89421
2.72733
2.94715
2.85025
2.48407
2.21021
1.29103
3.16797
2.85782
1.90503
2.89989
1.26044
1.94925
2.84207
3.20798
3.15126
1.92462
2.98861
2.89952
2.57643
2.06807
2.75248
1.76346
2.87021
3.11206
3.16061
2.95378
1.83458
3.07314
1.28216
1.59914
3.18785
2.02962
2.5803
2.61503
2.58777
2.57902
1.42046
2.58928
1.6106
2.62819
1.76429
2.56718
2.44633
2.90717
2.31575
3.19968
2.33067
2.57353
2.58401
3.15836
3.08123
3.03958
2.06028
2.19404
3.09237
2.33058
2.82669
2.74216
2.96387
2.8586
2.73268
2.56911
2.95252
2.95114
2.77605
3.13619
2.81851
1.98137
2.55737
2.76992
2.81929
1.75751
2.85679
2.01327
1.80835
2.04293
2.80778
3.10878
2.7167
2.22916
2.71083
2.8386
2.8838
1.87614
2.11484
3.14437
3.02883
2.81285
1.81547
2.23591
2.04486
2.51499
1.60734
3.01155
2.55693
2.34422
3.00424
3.09178
2.28003
3.04056
1.37568
3.03721
2.73513
1.83458
2.71174
1.56247
2.77137
3.03702
3.21745
2.8453
2.09293
3.13198
2.04177
3.22169
2.37608
1.40858
1.93375
2.37142
3.0634
2.4167
3.0254
2.14738
1.66434
2.5483
3.18692
2.10384
2.15408
2.82734
3.07526
2.25865
2.74881
1.27807
1.96934
1.15558
1.15628
1.32489
3.18723
2.34715
3.08888
2.13682
3.03968
3.11281
2.50261
2.74583
2.76342
2.86829
1.36223
1.91274
2.64709
2.91653
2.08526
2.41001
2.9766
2.97581
1.79103
1.90069
2.28951
3.11542
3.17483
1.78478
2.07563
1.33314
3.19471
2.19748
2.65956
1.26783
2.77521
2.36425
2.20443
2.32485
1.65382
2.66422
2.9085
2.72882
2.93022
1.8373
2.41704
2.04162
3.1077
2.71155
3.04925
2.90026
3.12256
2.74838
3.04681
0.971326
2.81578
3.04487
2.73383
2.89135
1.87202
2.5127
2.8231
2.4696
2.01537
3.09406
2.60186
2.93896
2.937
2.49267
3.15531
2.66155
3.09676
3.00961
2.52015
1.19526
2.46404
3.0989
1.99509
2.97362
3.21951
3.16024
3.13
1.2667
2.15789
1.95742
2.05103
1.28795
3.04926
3.13393
2.32965
2.77664
2.96925
2.12759
1.83556
2.69224
2.23044
1.74653
3.21927
3.22109
2.99869
1.11494
2.04142
3.04113
2.60265
2.66947
3.06858
2.8768
1.97594
1.17185
2.78445
2.29788
1.75198
1.33413
3.11942
2.92286
2.68274
1.97163
2.1839
2.99773
2.98156
1.76986
2.40349
2.90879
2.68972
1.29069
3.14133
2.32572
2.27889
3.13134
2.14957
3.18821
3.17529
2.58635
1.82846
3.14018
3.23045
1.25461
2.22397
2.86819
1.03588
1.86379
2.20617
2.35286
3.19166
3.05631
1.52165
2.51125
3.20792
3.17462
2.88565
1.24034
2.96343
1.64099
1.50647
2.02422
1.14844
1.64799
2.91386
2.93972
1.21898
3.15888
2.12591
2.66458
2.97303
2.26328
1.0595
3.07743
2.67091
2.75287
1.40932
2.59569
2.27619
1.6568
2.61439
2.2363
3.04163
2.83864
3.08583
1.21567
3.06267
2.79546
2.74634
2.84662
2.42888
2.40112
1.85332
1.15916
2.21773
1.79496
2.12535
3.16176
2.09635
1.08131
1.08246
2.83077
1.58976
3.05193
2.64117
1.74326
2.81842
1.98122
2.92118
1.40381
1.23059
3.20638
2.51139
2.06136
2.81802
2.86011
2.07732
3.11647
2.54238
3.22619
2.82946
3.02767
2.54593
2.60048
2.04276
2.00998
2.41329
2.79958
2.66707
2.2563
2.01568
3.02316
3.07529
2.56969
2.41475
2.7461
2.73703
1.53636
2.82284
2.1815
3.20517
2.32703
2.51666
2.59879
1.47073
3.16174
2.01287
1.93966
1.90148
2.20653
2.45811
2.62483
2.9676
2.73728
2.38948
2.97139
2.17219
2.09463
1.12079
2.29772
0.950453
2.25906
1.9229
1.2285
3.0896
2.08867
2.32422
2.70956
3.0552
1.98089
1.9111
2.92054
3.22758
2.13175
3.04085
2.03601
2.30251
1.76137
2.04521
3.04201
2.31596
3.1664
3.01332
1.91225
2.67796
2.40388
2.23669
3.20004
1.15629
1.72991
2.69934
3.14633
1.73919
3.00928
2.0727
1.88188
2.67461
2.60366
1.27324
1.94231
2.53796
1.62946
2.00631
2.49359
3.08037
2.27869
2.13709
3.20283
1.61371
2.92944
1.29434
2.14439
2.26756
1.62526
3.16715
2.67932
2.86566
2.46465
2.56603
2.93053
1.88074
2.25193
2.16175
2.63508
1.01551
3.17194
3.16462
3.19526
3.01459
3.11104
1.03371
2.41815
3.10606
3.0601
2.24179
2.91153
1.86992
2.63497
2.36816
2.54572
2.1338
2.75441
2.61226
1.72387
1.04599
2.61972
2.96791
2.91367
1.8379
2.21512
1.65892
2.75646
2.51825
1.21274
1.86118
2.54696
2.89473
2.3187
2.52431
1.84205
3.11794
1.99135
3.17031
3.17776
2.37813
2.93736
2.5798
2.56252
3.18937
2.90535
2.71223
2.84002
3.20737
1.68295
3.06643
2.97916
3.03084
1.30445
2.17462
2.49656
3.22926
1.68902
3.13654
2.91375
2.67011
2.99534
3.04657
1.44421
2.57001
3.10704
2.5066
1.67947
1.10328
2.03851
3.1812
2.16679
3.1715
2.44836
2.68004
2.61529
0.973855
2.74832
2.36421
3.15644
2.33679
2.99147
2.88223
2.52805
2.49333
1.09243
2.94445
3.13755
1.89329
2.87657
3.1601
1.68171
3.22292
3.15651
2.50208
3.22047
1.72957
1.48538
2.69347
2.37466
2.49996
1.09049
3.01667
1.60694
3.08902
1.94129
1.8588
2.84294
3.03138
1.49227
2.82983
2.06291
3.14388
2.64266
1.79604
2.19607
2.53535
3.02482
2.47914
2.58878
2.9702
1.47249
3.196
2.88804
2.51975
2.74327
2.46271
1.01245
2.93688
2.70113
2.96991
1.81635
1.39353
1.85292
3.06966
2.86881
2.87943
1.72977
1.0543
1.24061
2.05
1.11432
2.81399
2.91463
2.52867
2.69888
2.75733
2.59036
2.8854
2.85611
1.9589
2.44077
2.85333
3.19044
2.08095
2.55659
3.07916
3.01271
1.74624
2.26017
2.86632
3.11895
2.74689
2.9745
3.03718
2.91642
2.9824
2.07965
2.53318
3.21013
2.43386
3.03738
3.2048
3.04736
2.7758
2.98322
2.79408
3.1394
2.09422
3.1993
3.11387
3.12526
2.35947
3.01284
1.82795
2.91961
1.08891
2.24687
3.02182
2.11728
2.70001
2.7117
3.04882
2.08498
2.41007
2.00455
2.32261
2.19648
3.04789
2.84115
2.00559
2.23371
3.22355
2.62199
2.68664
2.19725
1.15973
1.92636
2.31748
2.8416
1.31424
3.06059
2.88741
2.333
2.87862
1.7294
2.74868
2.34087
2.81354
2.17235
2.60128
2.104
2.9629
1.78035
2.96455
2.42172
2.55515
2.22947
3.15409
1.13018
2.26829
1.66161
3.07842
3.16686
3.20165
2.87915
1.94746
2.23673
2.67633
2.77493
2.32744
2.80648
3.14219
0.947811
2.24635
2.65388
2.64426
2.92278
2.72602
3.12111
2.17532
2.80688
2.67686
